1 0.605007913545305 -0.8811292584576065 0.5134037527423299 0.605007913545305 -0.6888291774270882
1 0.3048435574274029 -1.3508379345897725 1.539314171484575 0.3048435574274029 1.1284175776805285
0 -0.5553137994388309 -0.23936566516895064 1.0088655466750005 -0.5553137994388309 0.7036705100285061
0 -2.7300863546605956 1.2125687097853792 1.5857544560727597 -2.7300863546605956 1.9890950453048415
0 -1.824616069701002 1.4759062188428382 0.12003095152578669 -1.824616069701002 1.4019245345867088
0 -1.8080754654101678 0.5155323211375886 1.4562370796205204 -1.8080754654101678 1.3417064008550086
0 -2.343573114930008 3.0957779197377113 -1.5405385287648268 -2.343573114930008 1.3205744430710227
1 0.6213055903997866 -2.153597269733308 2.2906257485008026 0.6213055903997866 -0.5005721892462528
0 -1.1135286660700505 -0.04371239031407759 1.4069255450600822 -1.1135286660700505 -0.9185857889572046
0 -1.284444894574004 2.192628899081588 -1.5446392775812416 -1.284444894574004 0.10465367658753554
1 0.10509160580629384 1.260906245829532 -1.9075393076512897 0.10509160580629384 -0.672327027582939
0 1.0216487755404304 -0.7966361292571926 -0.10923547502475484 1.0216487755404304 -0.7527786478999418
1 -0.011394579429220286 1.3623123547504266 -1.9100184925828747 -0.011394579429220286 0.42744336679261424
1 2.4948345034121537 -3.1472470290881303 1.4304892361213761 2.4948345034121537 -1.0350431145644523
1 2.9742169135057543 -3.720281508882567 1.6605800068599899 2.9742169135057543 -0.5181782916696491
1 1.287592838909207 -2.353812858204627 1.7684516612251393 1.287592838909207 1.4039297743879398
0 -3.68772902201506 3.671556459459776 -0.729815488715008 -3.68772902201506 0.3130802517454219
1 2.022201001606632 -1.1624558887644065 -0.8013608207252516 2.022201001606632 -0.7866279130447923
1 1.5675935210289142 -0.7506431545453803 -0.8337123072924074 1.5675935210289142 0.6068838295963669
1 1.4863263956458974 -1.4048941759558673 0.1883602166000926 1.4863263956458974 0.0959650748325296
0 -0.5165008525981793 0.8067466385754123 -0.5152855197962609 -0.5165008525981793 0.38412342960830137
0 -0.7358489931833855 1.5097387348697118 -1.2430295549440962 -0.7358489931833855 -1.310465062652943
1 2.2731457123726284 -3.541974639591287 2.2557131222600795 2.2731457123726284 -1.6737442340447028
1 0.9551730460196219 -0.021612249068597822 -1.123376267902106 0.9551730460196219 -0.2727779111499041
0 0.2997478698726155 -0.3035955757312141 0.06661108759000411 0.2997478698726155 0.6514346931093885
0 -1.4180876083862994 0.27545707854636137 1.324133860930674 -1.4180876083862994 -0.9738105822417028
1 -0.29120598261830155 1.6832255558388316 -2.0251688226609303 -0.29120598261830155 -0.03898432289546178
1 1.5962831588443738 -1.083502241455965 -0.3983252279302507 1.5962831588443738 1.1379699509945498
0 -1.0339421888438873 1.7331938433638254 -1.1984695439861546 -1.0339421888438873 0.8221771999848921
0 0.5068155094591325 -0.020664051281429507 -0.5830773539126017 0.5068155094591325 0.7640435955615126
0 -0.6135019562021093 0.6237885026854432 -0.1397398585690397 -0.6135019562021093 -0.7277652471437052
0 -1.1718727416567432 1.3390121439078029 -0.47520062610862557 -1.1718727416567432 0.15673312344275897
1 1.8956688831864765 -2.9784646506416035 1.915965378696883 1.8956688831864765 -1.1176461916959872
1 0.3743851059947503 0.8619542505778993 -1.669480677233179 0.3743851059947503 -0.3496011780832682
1 1.1883301591581934 -0.1233919668526553 -1.2613136993654221 1.1883301591581934 0.5625585706006608
1 1.886900593934023 -3.3732735757322505 2.4840856775517857 1.886900593934023 -0.47034189666132653
0 -0.06649126378614834 -0.47065135468485797 0.7449530551637221 -0.06649126378614834 0.16311488221226617
1 1.7432042875016611 -1.1262749524881726 -0.5154118562800296 1.7432042875016611 1.8493215158615537
1 0.9002566114365076 0.10523083968656533 -1.2361554580546315 0.9002566114365076 -0.954624398441423
0 -1.744327298284156 1.0523210049241634 0.6212022666918282 -1.744327298284156 -0.6452132346618796
1 1.9564210809506526 -2.0214773134417774 0.49116806981463945 1.9564210809506526 -0.11479614507061375
0 -0.15410342162811175 0.3892367642336725 -0.36349457541156416 -0.15410342162811175 1.178006858018242
0 -1.1849543509239626 2.4215361265338697 -1.988079122354173 -1.1849543509239626 -0.0069581202648927145
0 -1.9478794119349976 2.688602937898308 -1.4435654903136066 -1.9478794119349976 -0.020144506044677348
1 1.7138991704383066 -2.9656216710668275 2.1174159521528253 1.7138991704383066 -1.9193352586178813
0 -0.3434994558492179 -0.10007831515976445 0.5562893749717144 -0.3434994558492179 -1.181769154311697
1 -0.1536164251383929 -0.3858889551786384 0.7305076572320202 -0.1536164251383929 0.038302770245077805
1 -0.3709242239671371 -0.10924463264506229 0.6023640177073273 -0.3709242239671371 1.347389298651177
1 1.8034453769931638 -1.742971570822234 0.28267950595325164 1.8034453769931638 1.1330744671996855
0 -1.1998684808600213 0.2272048271967616 1.128653660942763 -1.1998684808600213 -0.6650791032566417
1 1.6055832934760477 -1.3240814940177814 -0.06982725995415828 1.6055832934760477 -0.7949694739122409
0 -0.04219154909593048 -0.2061095824341196 0.34202624814882543 -0.04219154909593048 0.9278026747396235
0 -1.6723694812336505 0.717139002419285 1.0075995576881533 -1.6723694812336505 1.3597628030010482
1 1.6913604224257774 -1.4360986197084142 -0.015265724939591663 1.6913604224257774 -0.06528541959651527
0 -2.4771904972089187 2.2259796827020413 -0.15084022485145454 -2.4771904972089187 0.08085518772976114
0 0.626243240245316 -0.5355867986616893 -0.00020590591056068863 0.626243240245316 -0.3261002430807185
1 1.6494429564153283 -1.1395879032619687 -0.3833437390935255 1.6494429564153283 -1.8145801925207514
0 -3.1964800679968213 0.3050743201357897 3.4306953635902624 -3.1964800679968213 -0.10671982372063489
1 0.048558852435258926 -1.2681179728900622 1.7321060238798878 0.048558852435258926 -0.4768411679055626
0 -1.4123575387768539 1.8682701692501316 -0.9320726999635057 -1.4123575387768539 -0.4475074906323474
0 -2.327328692867207 2.889148392525784 -1.2683715637032245 -2.327328692867207 -0.6294382314930503
0 -0.29424073701284215 0.6429711290423774 -0.5525117449710036 -0.29424073701284215 1.4575208036604324
1 -0.06712370649883215 -0.18790709713203604 0.34644095423073684 -0.06712370649883215 -0.7413232449749052
1 -1.3926046924854671 0.7090161656498293 0.681100593312151 -1.3926046924854671 -0.7900582011664632
0 -1.315857106837085 0.26188427475861287 1.2198011762448147 -1.315857106837085 1.4289524988803992
1 0.6175984175967792 -1.0363701695806151 0.7174166104312603 0.6175984175967792 -0.3650861768091398
1 1.2702562099215138 -0.495571280162192 -0.8347129259114959 1.2702562099215138 0.589376209107576
1 2.282176107841381 -2.145786803306945 0.2731831378260172 2.282176107841381 0.6867058775748986
1 0.3534004818150327 0.6679040619495291 -1.3701030577350648 0.3534004818150327 -0.12615659816944444
0 0.17255930705202993 1.2071049053937335 -1.9130682635064957 0.17255930705202993 -0.4605459184655645
1 0.3639499610570095 -0.1372253213929711 -0.2458872493322073 0.3639499610570095 2.809361342358983
0 0.7359719041679433 -0.4139971064714066 -0.3044658930739619 0.7359719041679433 -1.5121893528728738
0 -0.8261915792545477 2.0701462027965096 -1.9252683433383644 -0.8261915792545477 -0.9137438106492348
0 -1.7960776115588202 1.2730563606160499 0.3720086738913255 -1.7960776115588202 -0.3888738879499997
0 -1.4323599993854645 0.33848872025771437 1.2523657400143373 -1.4323599993854645 1.0804582067363928
1 0.9144401804636181 -1.6684387425709044 1.2513901895162356 0.9144401804636181 0.9743542662017396
0 -1.5752665059325506 2.358601296038406 -1.4276897262256092 -1.5752665059325506 -0.7352022267830488
1 0.09437987390727165 1.049869112486699 -1.5965838031222752 0.09437987390727165 -0.4242656683998599
1 1.8633334854432428 -1.7401632257955595 0.20636593920285162 1.8633334854432428 0.16686515793602233
1 2.7397010115263813 -4.2522890234322706 2.695158915828493 2.7397010115263813 -1.1317678803991098
0 -1.0108407581043206 0.5628355790693326 0.4263393303185691 -1.0108407581043206 2.0714268288360285
1 1.7486707777995285 -1.3416191136830957 -0.21791828672092162 1.7486707777995285 -0.822348623611673
1 -0.07310721553848376 -0.8948574291186064 1.3519862863950323 -0.07310721553848376 -1.6152944907097344
0 -1.0202666104107467 1.7582269582906322 -1.2503407225929244 -1.0202666104107467 -0.14379121208264312
0 -1.9098945079935845 2.002812019568899 -0.5210163364518456 -1.9098945079935845 -0.29091322981798556
0 0.5015472539416816 -0.743787038110086 0.4444420639053729 0.5015472539416816 0.5200122695716747
1 0.9853436625408604 -1.019958594070068 0.24998676942246012 0.9853436625408604 -0.17843225746839905
1 1.7270466825625403 -2.131349862035272 0.9234196604787974 1.7270466825625403 0.01503912326949259
1 0.9625684006318779 -0.31444359382213993 -0.7187896583629872 0.9625684006318779 1.8468241540624017
0 -1.5870461000520053 3.288715746703137 -2.7269166364596606 -1.5870461000520053 0.9117528486849165
1 0.6341227774771179 0.4794242932252696 -1.4430684490335386 0.6341227774771179 0.8734667135124196
1 1.0916980276359103 -0.23399896822547295 -0.988384127042618 1.0916980276359103 0.4812925530801993
0 -0.3799586250545147 1.0241639947759058 -0.9872602433278204 -0.3799586250545147 0.11674230637532818
1 3.6205548046815608 -3.0272591938120823 -0.09887645370199238 3.6205548046815608 1.9693547875236654
0 -0.012036611062158697 0.6202731751414203 -0.8613753575972363 -0.012036611062158697 -1.0217419601430562
1 0.7820644995419954 0.055668416142935384 -1.02338421707875 0.7820644995419954 -0.6913682127341372
1 -0.5051371716217508 -0.2882826129076768 1.0173275813362233 -0.5051371716217508 0.23033901359524062
0 -0.1116134490500007 -0.07250836121830832 0.23722690349016784 -0.1116134490500007 0.5834039716835382
1 -0.312419119295549 -0.321869765300965 0.8319446734077469 -0.312419119295549 1.5153593425961078
0 -2.316410880790253 1.5709243335625485 0.5799637844237928 -2.316410880790253 0.6906498379136077
1 0.7937697423134559 0.35624548143470547 -1.4619833725463005 0.7937697423134559 -0.24633625502283552
0 -2.4433100779889707 0.7578378980088722 1.881460857386732 -2.4433100779889707 -0.8973920212191185
0 -2.277780007694682 2.4500651518558794 -0.7081792420007398 -2.277780007694682 0.39729831188776504
0 -0.7674518338564951 0.08449393481796597 0.8078017211141189 -0.7674518338564951 1.262283057454693
0 -2.8265003526848513 3.9945975251040786 -2.2264030785574134 -2.8265003526848513 -1.1259997707065947
0 -2.95321659937653 3.671631972687073 -1.6172491775158933 -2.95321659937653 0.24325334219342293
0 -2.043648339416674 0.5250828442191644 1.727333940983561 -2.043648339416674 -0.4165722079254981
1 1.3937028313868731 -2.659350880630083 2.0717298255730463 1.3937028313868731 0.9156524522709649
0 -0.20549031833173492 -0.38469087846964467 0.7914820069245561 -0.20549031833173492 0.5908304091625346
1 1.3608933419726408 -0.9217325950710628 -0.342405107985278 1.3608933419726408 1.6235380358169518
0 -2.0012478755599066 2.0989724973523494 -0.5464496024246519 -2.0012478755599066 -0.43444224925119024
1 1.6278822877887151 -1.738087826332346 0.48787177416832583 1.6278822877887151 -1.0387396974062217
1 0.881005267842282 0.34756548400303033 -1.5551107463804772 0.881005267842282 -1.5434831975326888
0 -1.6623265004897663 0.6655030754632776 1.0683846027418107 -1.6623265004897663 -0.4776843754448375
1 1.5915066459134788 -3.1478104300226857 2.5225492235240434 1.5915066459134788 0.2614379632396539
1 -0.3374159591212196 0.00047094140828585207 0.40694999953216726 -0.3374159591212196 -0.008208330235118367
1 1.7990038374054116 -1.923660118379963 0.5432036817547721 1.7990038374054116 0.34890162126857505
0 -1.3976207700695826 0.47573219260094535 1.0165912497158316 -1.3976207700695826 -0.9937288784481141
1 0.8184681871091263 0.6344880941156384 -1.8847394497051457 0.8184681871091263 0.2608175424921056
1 0.513466415390486 0.3526263760926906 -1.1182524930992845 0.513466415390486 -1.440336141028037
1 0.8415023767003988 0.16648938155133342 -1.2516834532228174 0.8415023767003988 0.4470558219605207
1 0.9909012436034063 0.12157253901280374 -1.3687354846153637 0.9909012436034063 -1.235881971912962
1 1.0078104178460454 -0.2723798854539986 -0.8328443255767447 1.0078104178460454 1.8227158297533703
0 -0.27472982603816865 0.067269540645119 0.23689271140489987 -0.27472982603816865 -0.9977745521378928
1 1.1392754766990296 -3.4615641721027357 3.511932706275411 1.1392754766990296 -0.7309798658663814
0 -1.2825948497758035 -0.21183686658434198 1.8485820691828794 -1.2825948497758035 -0.07091100616548485
1 0.7670089988136976 0.08840124328596155 -1.0514199585241024 0.7670089988136976 -1.130543058658329
1 -0.2965210688264899 -0.07321786899823385 0.4616063110632177 -0.2965210688264899 0.31910742469576847
1 0.9945103401758886 -0.33144128848752163 -0.7333738653472093 0.9945103401758886 0.49690754966132406
0 -1.1069321288786516 1.9389608014815385 -1.40086706517799 -1.1069321288786516 -0.11020794829676084
0 -0.48127286286744586 0.0739769455590763 0.4769350022536476 -0.48127286286744586 -1.1904436830962235
0 -0.03977121862681243 -0.6848082625531049 1.015094712593177 -0.03977121862681243 1.200151213601506
1 -0.04431317031835702 1.0887815912449013 -1.4839858936751087 -0.04431317031835702 -1.013177631355823
1 2.1505507729316076 -3.4289657304160346 2.2442287662646425 2.1505507729316076 -1.1659912427712595
0 1.0060242332754872 0.1989306610959295 -1.4962457474155513 1.0060242332754872 -1.2597449083424885
1 0.7973991242057368 -2.2235251441833506 2.17664447372119 0.7973991242057368 -1.5294204074791904
1 0.6282291869527534 -2.03556891650469 2.11558845787524 0.6282291869527534 -0.04885235251369327
1 1.1667225559919077 -0.5189785247034227 -0.6765847483514806 1.1667225559919077 -1.069259549412618
0 -1.4893962415041706 1.2909420144276367 -0.02373462302893381 -1.4893962415041706 1.3483230359826697
0 -1.1223852436690298 2.031441588265734 -1.5127953010661785 -1.1223852436690298 -3.1014496116307995
0 -0.19291537453302565 1.44944933844365 -1.8137825915748307 -0.19291537453302565 -0.07104229483098361
0 -1.7173589354641803 1.9042513874569755 -0.6144267717281704 -1.7173589354641803 -0.8123917099859307
1 1.1323749478140848 -1.124215127811185 0.21959119000097427 1.1323749478140848 1.2662899406753083
0 -0.949867189551069 0.2317179235464658 0.8202666819362021 -0.949867189551069 -1.0014122735365165
0 1.121417765352307 -0.5580985761995578 -0.5666111205203805 1.121417765352307 1.4894151188987468
1 0.479233205641182 0.8831338682618968 -1.8260510357607207 0.479233205641182 0.7450874590206168
1 1.369981743631452 -2.254213552050138 1.5282730767126433 1.369981743631452 0.56196128987197
1 0.5620482176614217 0.2436727475797414 -1.0230832828259682 0.5620482176614217 0.9872158196613617
1 1.1078221008412439 -0.13690989482872407 -1.1449667283949772 1.1078221008412439 1.0697309422827521
0 -0.5084348967420514 -0.31974480106735664 1.065740592765369 -0.5084348967420514 -2.3523906583382668
1 0.8671571534420688 -1.614161454975568 1.2318629615415007 0.8671571534420688 -0.22524021390186733
0 -1.5353221268826522 1.5534240139373834 -0.3389167593282897 -1.5353221268826522 -1.5194180299569777
1 0.926905582522295 0.005385121057917885 -1.1273520082600454 0.926905582522295 0.3999678283486505
1 0.9421197809356042 0.5000103366342817 -1.8442144395661282 0.9421197809356042 1.6923517229640346
1 0.8071045950001491 -0.30447013131515926 -0.5450657351330133 0.8071045950001491 0.5239466652587839
1 1.3040235951721146 -0.9699115845597404 -0.20566790409318125 1.3040235951721146 -0.5684043578351137
1 -0.9625970880904773 0.5467154388208276 0.3908225981054454 -0.9625970880904773 -0.5062787079205415
1 0.45402175589654326 0.5733312177455652 -1.3581078477902193 0.45402175589654326 -0.21713168834349966
0 -1.6396459554438372 1.413551305674829 -0.015367793716727918 -1.6396459554438372 0.42068895419773716
1 0.5947178292219231 -0.7681440526953078 0.366283093023425 0.5947178292219231 1.0823077916145007
0 -1.606861811500933 2.555788156782068 -1.6679776486327713 -1.606861811500933 0.28997273909833604
1 1.7578463021470427 -3.1383710472552564 2.308272970629006 1.7578463021470427 -1.1093950518836189
1 2.493188017234199 -1.978076142445542 -0.21856151373241595 2.493188017234199 -0.43579347469171736
0 -2.1737872513791654 0.08498528751305012 2.506030060439424 -2.1737872513791654 -0.9369857666530442
0 -2.6688900579349886 2.699482847731812 -0.5879132652318995 -2.6688900579349886 -0.625005269356889
0 -1.3344458147626477 0.506521491333513 0.8967938237111766 -1.3344458147626477 2.010659440468441
1 -0.41267882777557086 1.2545344986644276 -1.2730493778857417 -0.41267882777557086 -0.9334654817923874
0 -1.9412534244900708 1.5001272473807545 0.22673097582727486 -1.9412534244900708 -0.37860510263698527
1 2.7611068635146 -2.908428905165938 0.7715731411035553 2.7611068635146 -0.2253916840194143
0 -2.759131292936974 0.8119808298941862 2.186530668928115 -2.759131292936974 0.8702037802578257
0 -0.31508882910269553 -0.2681937880453783 0.7593715067027735 -0.31508882910269553 -0.4040596766795802
0 -1.499358536497037 0.16832067835934983 1.5736053506997711 -1.499358536497037 0.8967645440509552
1 0.9094268581310085 0.26693842050892713 -1.4755882511802363 0.9094268581310085 1.0574945690483384
0 0.5343747435825759 -0.44708098824045156 -0.01420736409949086 0.5343747435825759 1.767864979664554
1 0.7413127745508094 0.2876518713905658 -1.3017486011106225 0.7413127745508094 -1.6896613518064905
1 0.9808686065108212 0.5998100203768845 -2.0319566291847027 0.9808686065108212 0.2867756301215487
1 0.648160282899716 0.12263396104337365 -0.9561864665897907 0.648160282899716 1.4460433178171437
0 -1.4895159730745515 2.5475105891123686 -1.7980480476339942 -1.4895159730745515 -1.1990408794472946
1 1.3677728565682503 -4.453717019123981 4.636961158177204 1.3677728565682503 1.902603216242085
0 -2.145295359068661 0.2531866909221443 2.2340855467379144 -2.145295359068661 -0.2628356042742777
0 -0.6497495904832952 2.407239201069139 -2.614443394806705 -0.6497495904832952 0.4247090043667461
0 -1.375941216777983 1.6770560740053377 -0.7060432178594394 -1.375941216777983 0.35807363688513427
0 0.5000243412717658 0.013357567326461095 -0.6229167761297021 0.5000243412717658 0.4082281982823219
0 -1.8941632862874451 2.2603590282728945 -0.9037143573014412 -1.8941632862874451 0.4687209013130166
1 2.2593461636259233 -3.6523875986547463 2.428302853502532 2.2593461636259233 -1.3826913532404526
0 -0.6454743614306993 2.347295102243252 -2.5349582724375463 -0.6454743614306993 1.7865006548501356
0 -0.7491546704493552 -0.2167667242570689 1.2111218316416585 -0.7491546704493552 -0.22745680826949635
1 1.671457178754976 -1.1326127655910523 -0.41978791157764905 1.671457178754976 0.5894382808801903
1 0.8634113686607574 -0.09254629016996929 -0.9123544484303743 0.8634113686607574 1.2542356505232048
0 -1.6436346957877639 0.08192580578378461 1.8699001901327006 -1.6436346957877639 0.6136986159489497
1 0.48099751329636886 0.7624754820527289 -1.6577951696894924 0.48099751329636886 0.7226114644929689
1 2.156711261758982 -3.682509152368659 2.594826878128237 2.156711261758982 0.22926539904755203
0 -1.5109319995676618 0.7327508123462944 0.7905290050056163 -1.5109319995676618 -1.0319245679518587
0 -2.32276296889362 3.1817760874636645 -1.6871201599330696 -2.32276296889362 -0.7744041660609812
1 0.7786087760140967 0.08562292662762916 -1.0615096703782387 0.7786087760140967 -1.4527873128514117
0 -1.3803418139905221 0.6874586331892911 0.6967288137388143 -1.3803418139905221 -1.2779980017751233
1 0.9050061625812093 0.6669927578197252 -2.035182896103617 0.9050061625812093 -2.4534221326400734
0 -1.0770573717769802 0.2517488046149535 0.9456321389206095 -1.0770573717769802 1.3459797200488404
0 -0.4819818165645082 -0.45995367826041267 1.2317793542298814 -0.4819818165645082 -1.100876249085872
0 -2.1528586884706247 0.5627780785319818 1.8060342344465294 -2.1528586884706247 0.16900618049007762
0 -0.8804330308239326 0.28437901181652303 0.6620216747518372 -0.8804330308239326 -0.016763275451699828
1 1.5020949290122187 -1.570493182901204 0.4031610006808797 1.5020949290122187 2.0748139659491662
0 -1.3866603645479596 1.6538149787521284 -0.6602741456819772 -1.3866603645479596 -0.12996661039690915
0 -0.5347299798192349 1.879889711996149 -2.0086983499701496 -0.5347299798192349 -0.4970854646507932
1 1.382812795620773 -0.7087833199984565 -0.66960031337175 1.382812795620773 -1.1416537676807577
1 0.9005497324793966 0.11575179967266047 -1.2513666923759352 0.9005497324793966 0.19173115701319393
1 -1.5817266987830747 1.5823638857341948 -0.32372507827083763 -1.5817266987830747 0.8061973330222104
1 1.5108686617182778 -0.7049930355197707 -0.8296505184243653 1.5108686617182778 0.5385455801407131
0 -0.6655659306027739 0.5408968678778867 0.04021105357044941 -0.6655659306027739 -0.7113776571583353
0 -4.033670388380984 3.5289920200219984 -0.11057956299331428 -4.033670388380984 0.3181467462055914
0 -2.00648972830032 0.08676034037898761 2.301419808857175 -2.00648972830032 0.3440284307820315
0 0.10581171591144334 -0.06306904310956868 -0.03876305968756877 0.10581171591144334 0.5621665871649316
0 -2.164255203569321 2.9632342213150884 -1.5699923354840941 -2.164255203569321 -1.9396088870698878
0 -0.5375137390572966 0.46452450870478845 -0.006633369911438702 -0.5375137390572966 -1.3363119804154604
0 -3.288953285675446 2.9258083303012583 -0.1584510414467123 -3.288953285675446 0.3778708063719984
0 -1.7667529847723538 0.4070242223688143 1.559546753713465 -1.7667529847723538 1.3215487542813429
0 1.456995917868216 -0.9724057888246008 -0.3869437969647723 1.456995917868216 -0.7121164039690991
0 -2.8822527608371766 1.887656281345315 0.8162568468765365 -2.8822527608371766 1.4743391534913919
0 0.9827759554558246 0.2859973814548161 -1.5911115925155679 0.9827759554558246 0.7504004648585171
1 0.4751728744072825 -0.9235040133705112 0.7300901849644916 0.4751728744072825 -0.555997573101332
1 1.4388958958689908 -1.0626512624381885 -0.23763831335857566 1.4388958958689908 0.4546127358253018
0 -1.3694978587936015 1.9942025596095854 -1.1616841959868978 -1.3694978587936015 0.039587974234941106
0 -0.9200074100642585 1.551788105299566 -1.0799369925701965 -0.9200074100642585 0.3911780767576983
1 0.8429505463476124 0.1456700135940383 -1.2240329296920558 0.8429505463476124 0.8469153353218294
0 -1.4514739801722718 0.24608160877363316 1.4059486834898467 -1.4514739801722718 -0.4698321772262871
1 2.4377579717809277 -4.123618723445204 2.8782196989543882 2.4377579717809277 0.7580483291916217
1 0.27641482207590984 -0.09149517752737577 -0.2047181373360043 0.27641482207590984 -0.10014313521995137
1 0.419385104685829 0.4967581007670223 -1.2081326658894747 0.419385104685829 1.1438203809871605
1 2.761549695959596 -2.7409418716645155 0.5345220627236624 2.761549695959596 -0.4744022287439347
1 0.21268499867097868 1.286271906116629 -2.0733374176971964 0.21268499867097868 1.2291327287537168
1 -0.3430354105219262 -1.718597970925232 2.8413145595628455 -0.3430354105219262 -0.4733148149748588
0 -1.442041117517344 2.1790557234796735 -1.335088002897677 -1.442041117517344 -0.13184763893983503
0 -1.6190782965857322 -0.6108900184977342 2.8185918283395646 -1.6190782965857322 1.4089190219278251
0 -1.1430751246988238 2.4073228195862697 -2.0186000208165895 -1.1430751246988238 0.11514556722381754
1 1.6900057726681863 -2.206799695473019 1.0747130646974634 1.6900057726681863 0.9825354561106439
1 1.4970260971421494 -2.8393012791853436 2.201026453876551 1.4970260971421494 -2.9698941108667354
0 -0.5309971710223189 -0.18391285554272951 0.9011824126143653 -0.5309971710223189 -1.7839164015604247
1 0.6062734474384381 0.6208083654544144 -1.609080018907584 0.6062734474384381 0.14153829070351556
0 0.8951878083718587 0.17619745536896314 -1.330247305229039 0.8951878083718587 -0.17572770464115858
1 0.3908172976603719 0.156262666619649 -0.6927921473551581 0.3908172976603719 -0.9753806823122483
0 0.17502516921619526 -0.1922574472114072 0.06005655749033045 0.17502516921619526 -1.045483036325339
0 -1.7452198399540904 0.21602737026392504 1.8032490652581117 -1.7452198399540904 1.0972003265885404
1 0.32364224178343237 -0.5153085034473408 0.33671504060747937 0.32364224178343237 -0.6042687776241823
0 -2.8672223047770293 0.894650967462411 2.2003676262552623 -2.8672223047770293 1.2509591935561872
0 0.07120869825568232 0.8648450213598506 -1.3073108880403397 0.07120869825568232 -0.5319148304277141
1 -1.0401782620083426 -0.45471608194801216 1.8987118043319393 -1.0401782620083426 0.17889505499009817
0 -0.26538430923035783 0.051835700340645 0.24739770161053753 -0.26538430923035783 -0.30069411612307256
0 0.49791724568457285 -0.060054152236111435 -0.5167032479876501 0.49791724568457285 0.37021346069084543
0 -0.022737629594848707 0.30180503874117837 -0.39872455292729403 -0.022737629594848707 -0.7782755589067524
1 1.4434683505885502 -0.7764811108807752 -0.6472760477371822 1.4434683505885502 -0.535534036752625
1 0.6192679827175196 -0.5270519838743172 -0.0038318555694907275 0.6192679827175196 0.8495814098696253
0 -2.2394080022748786 0.1745064927850155 2.458886151643761 -2.2394080022748786 1.0553764677871342
1 2.3691367909453187 -3.2074006625735305 1.6672839438277551 2.3691367909453187 -0.04249207222862251
0 -0.3955303945417076 0.11550543246254955 0.31470961327382896 -0.3955303945417076 0.10906418503219695
1 0.4739544740776852 0.9715708610654974 -1.9445599991141997 0.4739544740776852 0.7026148069731072
1 2.9421207967999807 -4.138962761617828 2.2905926739130535 2.9421207967999807 -0.8028466541400383
0 -1.0057156706121815 0.05967043049416787 1.1306905368178932 -1.0057156706121815 0.4671086614455503
0 -1.2159806406937357 1.4986431017342603 -0.6473383100457206 -1.2159806406937357 -1.8483060182726685
1 0.40804995009008205 0.3596820290413898 -1.0008678405027747 0.40804995009008205 -2.345070671917261
1 -0.13734696883017694 -0.040526433530941694 0.22315111261971143 -0.13734696883017694 -0.699575135807062
0 -1.9364095955415923 1.0656841712549099 0.8343763687746922 -1.9364095955415923 1.9438008969253868
1 0.4150668901510868 -1.7278980361115472 1.9386228243223662 0.4150668901510868 -0.3238331505606619
0 -1.0087324325145752 -0.018980798128314547 1.2454019373535827 -1.0087324325145752 0.2906716844849053
1 2.1226285760616284 -3.1969612800956106 1.9503360345424507 2.1226285760616284 1.468140866114752
1 2.3947234154385155 -1.791640726901012 -0.36288543620512326 2.3947234154385155 -0.45215352939551195
0 -2.5948544747238262 1.2857004001173014 1.3191150973798371 -2.5948544747238262 -1.0508609471906636
1 1.0738645029779972 -2.877237080296486 2.7657973096405373 1.0738645029779972 0.6520158254665751
0 1.1837513898138603 -0.9404966569443318 -0.10191134481831332 1.1837513898138603 0.5831737220565257
0 -2.3468719558738584 0.41503521357199213 2.249046252653595 -2.3468719558738584 -2.48034148181363
1 0.20484047048836873 0.6725369385416997 -1.197177570731603 0.20484047048836873 -1.4226992075279699
1 1.4474717462964302 -1.0251540836078967 -0.30094984606312813 1.4474717462964302 0.6523348909216093
1 0.6795120243638137 -1.3454588976478135 1.079100291824171 0.6795120243638137 -0.062396693112266886
0 -0.4579833837978743 1.1664179747548271 -1.093885869539067 -0.4579833837978743 -0.8366153721558549
1 0.4142737693117645 0.9336620242286311 -1.8189299732372501 0.4142737693117645 -0.3311243878992748
0 -0.7787186892776765 0.6553150082314166 0.015330039905320447 -0.7787186892776765 -0.35365556105908824
0 -2.8881488311995005 0.6636516661381571 2.5518525960321226 -2.8881488311995005 -0.3299323287963678
0 -1.4182637488934315 0.4462788045145688 1.083121460209657 -1.4182637488934315 0.1560645462154114
0 -0.8775132988476874 -0.12846866977650517 1.2414956250449927 -0.8775132988476874 -0.2899119523733868
1 0.6730091429576082 0.16240279153150772 -1.0423644969378703 0.6730091429576082 0.7320541916547463
1 -0.17400530906798672 -0.6051252350479341 1.064732026858675 -0.17400530906798672 0.7388956826579378
1 0.8769366424624276 0.1453526526469079 -1.2646416417470157 0.8769366424624276 -0.8304555941567935
0 -1.4106744632869883 0.34159866953454054 1.2217768462924687 -1.4106744632869883 0.37452976644956737
1 1.73068492172322 -1.1348033602937149 -0.4882444925514058 1.73068492172322 0.07573771576747314
0 -0.7902959115883815 0.4206596220667736 0.36068351643557184 -0.7902959115883815 -0.6758425366020925
0 -0.9492557674512277 0.19588803411967937 0.8701250827880371 -0.9492557674512277 1.2349882373436998
0 -2.2717924516918035 2.6961856981898964 -1.0629706053784147 -2.2717924516918035 0.3678699353182656
1 0.7507381910490288 -0.09760808888630046 -0.7690917224599505 0.7507381910490288 -0.5813885827051786
1 0.7945910523162507 -0.5563936621625645 -0.17419599922709472 0.7945910523162507 1.392190899031737
0 -1.4965349073895111 0.29694661835426095 1.3885556840521065 -1.4965349073895111 0.8828895579764806
1 0.5786855323688369 0.08792213033757973 -0.8232393916406763 0.5786855323688369 -0.905010802921069
0 -1.8436569766296524 0.5133495842966027 1.5023036340706013 -1.8436569766296524 0.056893096780636074
0 -1.3782061463698096 0.3935669723755367 1.1091667041828046 -1.3782061463698096 -0.6775593663532857
0 0.8833908691144632 -0.27626243092339353 -0.6770566843834447 0.8833908691144632 0.13393966910937624
1 -0.7505637248378203 0.9831296317556465 -0.48160459074957074 -0.7505637248378203 0.40819367307907134
1 1.2407235140220407 -0.7902151564829647 -0.38295586020679884 1.2407235140220407 0.5044969936765391
1 0.24663821558576238 -0.8201382891532703 0.8602037924009472 0.24663821558576238 0.08296667883229908
1 0.8519554311284742 -0.7259521282422973 -0.00405370409710426 0.8519554311284742 1.605872459226273e-05
0 -0.23600909942094872 0.8272050114827354 -0.883023528789264 -0.23600909942094872 0.11602556903874095
1 0.6681776401305135 0.6245523010370245 -1.6891503046598733 0.6681776401305135 0.7609642569635893
0 -0.8402871295712586 0.6736882018477395 0.06376210862990161 -0.8402871295712586 -0.27225556052432964
0 -0.7641581953951236 0.6992352994611135 -0.0642816071489235 -0.7641581953951236 0.23332636912229784
1 0.19361592409072004 -1.2032513272517065 1.465268799769743 0.19361592409072004 -0.5878971307988741
1 0.44852611721828495 0.3710473178739088 -1.0658144819534132 0.44852611721828495 -0.1045012836281651
0 0.18082649600708356 0.6409970075071331 -1.1236285291379051 0.18082649600708356 0.33257334843041253
0 -0.6692421601633272 0.6374717845178435 -0.09172574601358985 -0.6692421601633272 2.12468027244193
1 0.6702082586876547 0.6585477154262078 -1.7396098740199029 0.6702082586876547 0.1297560120160705
0 -2.2276330042143266 2.1844177358937564 -0.39362639389520215 -2.2276330042143266 1.2691054641406883
0 -1.1313634082944717 0.6836521893640071 0.4013259346729796 -1.1313634082944717 -0.479188108427635
1 1.2781018235395 -0.3481459966089929 -1.0523768108175526 1.2781018235395 -0.3455788104448179
1 0.022820499390553195 1.383902133226611 -1.981839902451103 0.022820499390553195 0.213487733975262
1 0.0705937960840729 1.4725804710379216 -2.164779133838862 0.0705937960840729 -0.44739627601899784
1 0.7017647156955817 -0.7147960976790644 0.16163010885004736 0.7017647156955817 -0.09412210961281957
1 0.02024391706384876 -1.915713842633063 2.6808116589429973 0.02024391706384876 0.5267261962104459
1 2.094090322044705 -3.8442474625490908 2.898874125875948 2.094090322044705 -0.618715185878201
0 -1.435603888337102 0.40740077586265955 1.1589706454678537 -1.435603888337102 2.23294006884193
1 3.1152357780528215 -2.9935585290750244 0.4639834762509698 3.1152357780528215 -0.32096527677681647
0 -1.1737149356023706 0.3450149632326327 0.9306938030602019 -1.1737149356023706 -0.9922064620795636
1 1.401635209404091 -0.7651249901537553 -0.6127760586737071 1.401635209404091 -0.04061220134839837
1 1.496719439897432 -0.561632597255731 -1.0150034084095236 1.496719439897432 -0.32872050758992294
1 1.6039613025695205 -0.6727236498803028 -0.9876800753377466 1.6039613025695205 -0.3303047862804057
0 -0.8053395972229883 0.8850519752152612 -0.2769326955728979 -0.8053395972229883 -0.5567636502870882
0 -2.3913540791463053 0.9957520416146253 1.4827259964829513 -2.3913540791463053 -1.5542749154623645
0 -1.5623773320276106 0.363778111874828 1.3737207497298793 -1.5623773320276106 2.5525462365125926
1 0.12182748996348991 0.9481292082417812 -1.4860702893366067 0.12182748996348991 0.694501639880108
1 0.44972498492548374 -1.8974016592751524 2.1361179786972837 0.44972498492548374 1.3468886402797702
0 -0.5415912321980075 0.9807716377741554 -0.7307237859324884 -0.5415912321980075 0.05378076204917591
0 -1.7762582655325483 0.8326363006803182 0.970003280009333 -1.7762582655325483 1.727052331586808
1 1.0275269953107524 -1.2681589084053602 0.5495222708515346 1.0275269953107524 -0.9544127934791802
1 1.1449779141941188 -0.5985921306720079 -0.5378901326709651 1.1449779141941188 -0.7663648877439887
1 0.45003644885184435 1.3647951459904042 -2.470955882988337 0.45003644885184435 0.4149442404497183
0 0.7974908180948854 0.6872033458414332 -1.9338393810848076 0.7974908180948854 0.1817681204228619
1 0.7902068237566823 -0.4806149714104772 -0.2759101977173868 0.7902068237566823 1.4616987393626766
1 1.711899412412492 -0.5198999329409711 -1.3338839829392195 1.711899412412492 -0.1005034393658721
0 -1.9761567770720685 0.7020733488554427 1.3958644193514966 -1.9761567770720685 -0.4884332913380639
1 1.0114564824636103 -0.09070902651676249 -1.0937946954890942 1.0114564824636103 -0.40781304116000466
1 2.0234596719816915 -1.6287471891766896 -0.14441004332678653 2.0234596719816915 -0.8251043715020581
0 0.6894246071299115 -0.31283677160205864 -0.3910876184333447 0.6894246071299115 0.837195052588584
1 1.5916207156649507 -1.1997486618524955 -0.22853587055593072 1.5916207156649507 -0.9811078341655612
0 -0.1333777276907141 1.3614387256350189 -1.7614231713912356 -0.1333777276907141 2.586209821619013
1 2.146962549870886 -1.3920688658399385 -0.6278318868847079 2.146962549870886 1.1050313085285817
1 0.23441809282626447 0.7293137266091854 -1.3130858942630343 0.23441809282626447 1.412999993870827
0 -0.5659356832305602 1.5564291409413635 -1.5142268339365281 -0.5659356832305602 -0.20676825631508036
1 1.9246825769727118 -0.806490830190447 -1.1862283492141135 1.9246825769727118 -0.2171418969825665
0 -1.876639375989114 2.399888506679038 -1.1219200712933768 -1.876639375989114 -1.250539591351375
1 0.38538100927069774 0.3255657762689959 -0.9253055235956399 0.38538100927069774 1.066734834579233
1 2.8041898253487987 -2.5680264123719962 0.23882884996598175 2.8041898253487987 1.3609722068985561
1 1.3063492411491986 -0.46483269130563487 -0.9217224488297524 1.3063492411491986 -0.49905439834737664
0 -1.2245113007708612 0.45031250988164107 0.8433628141869209 -1.2245113007708612 0.7622405306879058
1 0.2266438419681066 0.9121024253576202 -1.5618185154451032 0.2266438419681066 -0.40931861148469983
0 -1.4922910859831777 1.5406868006554317 -0.3729135659500299 -1.4922910859831777 -0.9554981402546157
0 -2.4804070548786497 2.499762449818436 -0.5335756567965044 -2.4804070548786497 0.3193397796999803
1 1.3391525294680777 -1.7448359381366885 0.8462008096863685 1.3391525294680777 1.2798869887738074
0 0.511865778824184 0.3005812251293274 -1.0428235029452093 0.511865778824184 -1.5803468844234025
1 0.10257269260163193 1.9794221628336977 -2.9191455890768907 0.10257269260163193 0.7777397547371953
1 2.4153694660811094 -2.9004128051573432 1.1779209822814063 2.4153694660811094 -0.5195195390579168
0 -2.489125906486384 0.8840005287045523 1.7586485944734773 -2.489125906486384 0.9063852553041875
0 -2.4554115326270223 2.5148605224033718 -0.5850921545064078 -2.4554115326270223 0.9657265438950808
0 -2.1673114289007165 2.275511822987578 -0.5951359519319599 -2.1673114289007165 -0.23847102174724952
0 -0.3536354338052312 0.45180184797414513 -0.21080113434569636 -0.3536354338052312 -0.19092105781456986
1 2.532541037042797 -1.4715009350560004 -0.9814599569531945 2.532541037042797 -1.2670537185680193
0 0.14770966200967783 -0.3034452884388664 0.25006847646720964 0.14770966200967783 0.44934267511277315
0 -0.76072480300986 -0.39327915475012365 1.474360411317103 -0.76072480300986 0.9220858454895446
1 2.272211396785954 -3.8369792819641813 2.6734313953412885 2.272211396785954 0.33099906172010723
0 -1.2435353370645998 2.4117956613904874 -1.9035554590219796 -1.2435353370645998 -0.1691636487516928
0 1.3003437862448903 -0.4198663013467966 -0.9779666644178384 1.3003437862448903 -2.6906753517367408
1 0.6068423474358968 0.2261476386833764 -1.05244878053208 0.6068423474358968 -0.4389961450470895
0 -2.324671798923155 1.1439272960164262 1.1929254626764685 -2.324671798923155 1.3525676139408829
1 1.5392393805817506 -0.769462135619719 -0.7728839685889443 1.5392393805817506 -0.5131188399759589
0 -1.6995161673361014 2.497791629344094 -1.4741470856550722 -1.6995161673361014 -0.8595309280897769
0 1.2279900854384427 -0.4646769502351501 -0.8272806723187822 1.2279900854384427 0.5956601491768405
0 1.8520061291726404 -0.927234636688986 -0.9279237714306057 1.8520061291726404 -1.2900522183103111
0 -0.21367698042126726 -0.24792070636270924 0.6082324690059286 -0.21367698042126726 0.7783967017492383
1 0.7465202580310151 0.10430688497646334 -1.0491296396661765 0.7465202580310151 0.4671441675109665
1 1.5522455432868585 -1.0598496457373838 -0.3785265414565724 1.5522455432868585 -0.5965205205999231
0 -2.7910052744383353 2.378150287838682 0.01337634196986226 -2.7910052744383353 0.5600018218673991
1 1.9022898461392403 -1.4668132689056121 -0.2267052566309078 1.9022898461392403 0.5292994129950568
1 0.42881774894648994 1.0907061220546599 -2.058268981431347 0.42881774894648994 1.7258309335481143
1 1.2321720479096627 -1.1098625108628652 0.07876340739545729 1.2321720479096627 -0.6660585987621099
1 0.9354659502069889 -0.040628746018215756 -1.0727150622566088 0.9354659502069889 -1.4677663360821678
1 0.926142113893287 -0.04249421451153723 -1.0588170968737272 0.926142113893287 0.32953969014623774
1 0.8922447108719388 0.2245315758709241 -1.3949467254736083 0.8922447108719388 0.6513544679213251
0 -0.5844012903988658 0.8864514063421892 -0.5458132136973435 -0.5844012903988658 -1.345257085811478
1 1.1347138402373753 -0.5967022363395658 -0.5281594340073743 1.1347138402373753 0.38472640544032544
0 -0.4576121302498052 0.030972031983843684 0.5090808852370348 -0.4576121302498052 0.23755899279746032
1 1.0249045603916596 -0.27831658820014316 -0.8451113986798668 1.0249045603916596 -0.2818218991793597
1 -1.384142495130651 2.1634981266038076 -1.3830627846737225 -1.384142495130651 1.5133416098496704
0 -2.5864889083429077 2.224805606758322 -0.017144413885515797 -2.5864889083429077 0.08519741432671707
1 -0.2575008691117966 -1.1190102964192943 1.8912794047806065 -0.2575008691117966 0.8957507537467742
0 -0.4043086108793057 0.928918209499911 -0.8233433274638591 -0.4043086108793057 -0.09146490087733386
1 1.3387047177525189 -2.091003874382842 1.3355813940379981 1.3387047177525189 1.5387928998164377
0 -0.99748815171021 0.7818819140564726 0.10088335913588442 -0.99748815171021 1.2012582856375886
0 -0.3748277271514898 0.690264578644251 -0.5219439534286152 -0.3748277271514898 -0.3078690973870971
0 -1.242524167925045 0.30450775822584975 1.071020812975009 -1.242524167925045 -0.6311313361540171
0 -0.6796206402835329 0.006279252521830703 0.8121478659546282 -0.6796206402835329 0.2861494342565461
0 -2.4882066017714637 0.7611626923436676 1.9310029669974262 -2.4882066017714637 -0.33604177989201794
1 1.409920106081215 -0.05619719798650391 -1.6238940421835228 1.409920106081215 -0.011955565587439185
0 -0.2021490662710621 -0.37007866238150966 0.7668110305228495 -0.2021490662710621 -1.5798037970179766
0 0.5501965869836163 0.6492328842146529 -1.5814759849651594 0.5501965869836163 0.5135223538268041
1 -0.19401747620610466 -0.8591132717977294 1.4475758524942148 -0.19401747620610466 -0.012280002557485688
1 2.0135934621451286 -3.090971511304701 1.9323827936450533 2.0135934621451286 1.0847675267277164
1 0.7051724636241017 -2.3169549181697997 2.4199952710130375 0.7051724636241017 0.5652706176730784
1 1.4211644928599214 -1.3500433380902426 0.18962161134410915 1.4211644928599214 1.0092997593492599
0 -1.6515193187926904 1.1076497237960796 0.43095345352588055 -1.6515193187926904 -0.8139179069457437
0 -3.470797609599545 1.3453666429468398 2.2930399559690384 -3.470797609599545 -1.4002910628509437
0 -1.1778716150022839 1.0867147822535481 -0.1116730268610574 -1.1778716150022839 -0.4595639283241929
1 0.4868475215289165 0.7172805423512383 -1.6010404213284688 0.4868475215289165 1.3689726183051754
0 -0.26580467215801007 0.04162956902835205 0.26231806637588195 -0.26580467215801007 -0.21516365167140108
0 -1.4467563370686203 0.2405374592169347 1.4080786867480648 -1.4467563370686203 0.4131212989165092
0 -1.4960779192470508 0.3484350761845121 1.3152944092027266 -1.4960779192470508 1.413903141526749
0 -1.7725166036894113 0.8909803293704309 0.8830928923666896 -1.7725166036894113 0.9788525716363818
1 -0.4999375489696458 0.04562159904317448 0.5395247432348982 -0.4999375489696458 -0.5930911665176906
0 -1.0695955315870889 1.7360213309814538 -1.159391381080408 -1.0695955315870889 -0.845738076921131
0 -2.0562898613865723 0.9678811370307081 1.1173097595243502 -2.0562898613865723 -0.06874768343962392
1 1.9572495144486255 -2.132822196551855 0.6474024932813586 1.9572495144486255 0.9273518426254402
0 -1.4992617379482303 0.38146917639322275 1.272491651758068 -1.4992617379482303 -1.1267241641841623
1 1.523234498597566 -1.023749629881133 -0.39445826240416726 1.523234498597566 -0.38047066410579056
0 -1.6015650164352633 1.0606305426192066 0.4370041451264791 -1.6015650164352633 0.9033984385706906
0 -0.3243706952431218 -0.3803811783787472 0.9290094113583651 -0.3243706952431218 -2.0937645480123046
0 1.5776744494266586 -0.9873784046290075 -0.5115858685533694 1.5776744494266586 1.267909629215585
1 0.16522641887691114 -0.07147859343762684 -0.09866342529259287 0.16522641887691114 1.4132222039352664
1 3.5486944984300064 -4.131772282118313 1.5476678688328827 3.5486944984300064 0.45147210446120994
1 -0.6987170070101532 0.48931556360479567 0.15309950423919905 -0.6987170070101532 1.052196504956067
1 1.5071268218147869 -0.9368532137608967 -0.4977098095657677 1.5071268218147869 -0.3991152885105336
1 0.8048732112189924 0.45197105552399797 -1.6105753776617993 0.8048732112189924 -1.0240137792972785
0 -1.9164097625561296 -0.1960460275134308 2.591962621142856 -1.9164097625561296 0.046335153379281485
1 -0.5130151061238344 0.034478017170519404 0.5710594366787412 -0.5130151061238344 0.22653900673238694
1 2.214182898240987 -2.2223444197353612 0.4634327902141564 2.214182898240987 0.6601592428959291
1 0.9500468590352195 -1.0570500360979527 0.34500556525817583 0.9500468590352195 -0.6279540377427326
1 1.2758394239137958 -0.22231204093889334 -1.2273396161490968 1.2758394239137958 -0.005782274246324584
1 0.24270298455627992 -1.1406693139383766 1.3175942929521594 0.24270298455627992 -0.18086857772738846
0 -0.793583547850154 0.33283545106482804 0.48867567877226015 -0.793583547850154 0.1187166063249846
1 1.9560833472066137 -1.756101211751309 0.11682631476868532 1.9560833472066137 -0.7794821440199357
0 1.1903803779763598 -0.8482408164577985 -0.24019818778880642 1.1903803779763598 -0.2842071018143058
0 0.1335961070275251 0.8619203283147978 -1.3785478464578829 0.1335961070275251 -1.6754057714935249
1 1.1475723033821883 -3.6096502195409785 3.7110288260607365 1.1475723033821883 0.5932783033211831
1 1.2850890203748755 -1.144470751224092 0.06370898985764484 1.2850890203748755 -1.039254474482706
0 -0.16062247976190536 -0.272358309424203 0.5786494876627388 -0.16062247976190536 0.37616338899939195
1 1.6103092125070493 -4.407801155779504 4.279125442899623 1.6103092125070493 0.9396675755417155
0 -3.663266115103741 4.367489498104293 -1.7421268156012633 -3.663266115103741 0.18307359441471185
0 -2.2166041551651174 1.6765194978784586 0.31027659140404706 -2.2166041551651174 -0.8055075286879829
0 -0.3022899987099331 -0.14637873949421276 0.571889279279466 -0.3022899987099331 0.03941833266909437
0 -0.8333493252568591 0.20499820300222127 0.7172395255005621 -0.8333493252568591 1.36592160239758
0 -0.9695826242832907 1.3090021628257513 -0.6771985458995438 -0.9695826242832907 1.2389121064941029
0 -0.9613252519285296 1.6600568453553997 -1.1829142611221415 -0.9613252519285296 0.2189957513403357
0 -0.35448157105061784 1.9669240607370555 -2.3493524657254206 -0.35448157105061784 0.25006034896916696
1 0.6389381921492749 -0.9508305401879469 0.570842685016598 0.6389381921492749 0.09659368381007334
1 1.5634659489732996 -4.3121498574080395 4.200640822480498 1.5634659489732996 0.46793882192523784
0 -1.3543754273682425 1.1681889137757333 -0.013501114161922567 -1.3543754273682425 0.2993016009485209
1 1.0096602058518873 -0.30538808247702687 -0.7884665726594026 1.0096602058518873 -1.11414292287462
1 2.3504633450751635 -3.4087529297126204 1.97418114618639 2.3504633450751635 0.4967227525678466
0 -1.9582270483102096 0.4146430104531751 1.7800979793699594 -1.9582270483102096 -0.6300336047784354
1 1.9432972601480394 -1.8977215404145686 0.33226109123665193 1.9432972601480394 -1.85850022852314
1 0.5304450078646394 -1.1246938605909491 0.947428137969187 0.5304450078646394 -0.48361238165157394
1 2.8538702000261056 -4.556969856650571 2.9874906997127937 2.8538702000261056 -0.03329260786694077
0 -0.8771983644603256 2.911208931711185 -3.0513528645924453 -0.8771983644603256 0.1478467039085676
0 -0.2540861541876509 0.28245541754730646 -0.09191969489563223 -0.2540861541876509 -0.054611585889675976
0 -2.3060795487058847 0.3275390833775502 2.3233243178202936 -2.3060795487058847 -0.9813676308133811
1 1.7069036020509563 -1.1758619259190257 -0.40153480929028273 1.7069036020509563 -0.6864685189065555
1 1.3671701731593613 -0.14638423786553778 -1.4448927734303432 1.3671701731593613 -1.4016878173510938
1 1.4182733518035067 -0.5892277898766252 -0.8812682481690156 1.4182733518035067 -0.3397108424627423
0 -0.7813817633780858 1.1581875615470507 -0.6915822124216736 -0.7813817633780858 -1.7658608750570977
0 0.6855389999409873 -0.24950331702567446 -0.47582968770626977 0.6855389999409873 -0.6139623379502879
1 1.3127379462334867 -0.6556227108466811 -0.6600169886069487 1.3127379462334867 1.5327232836917724
0 -1.5885807278991029 2.260222283216251 -1.2726799804908229 -1.5885807278991029 -0.056743917882344515
1 0.7486543344773773 -0.1841442781845002 -0.6443726030502821 0.7486543344773773 1.0501968299843771
0 -2.1547377187577634 0.3258398454154219 2.1428955318603125 -2.1547377187577634 0.9174787315120791
1 0.5716767859336027 0.366223582797192 -1.2077747160940933 0.5716767859336027 0.8625434653303525
1 -0.5641428629622423 0.14244625646366543 0.4803573777393976 -0.5641428629622423 -0.661719228497968
1 1.120266823986558 -0.7351678300062464 -0.3151731194177698 1.120266823986558 -0.5034001462722887
1 1.1215292875191338 -0.28128688141849734 -0.9576443237902192 1.1215292875191338 0.13316474254856833
0 -1.026528539003676 0.1648411477707089 1.0073171139516663 -1.026528539003676 0.6570126697299556
1 1.5711625529790503 -1.1590983230904688 -0.26122561219311846 1.5711625529790503 -0.9233875076598292
0 -0.8354302121222457 0.007652608193224442 0.9984340966913259 -0.8354302121222457 -1.7877018979267592
0 0.8200462635253856 -0.4033030451705207 -0.42113341918440006 0.8200462635253856 0.8736835107984265
1 0.37460456428231037 1.03406724722712 -1.9127944432131718 0.37460456428231037 0.1836353576363496
1 1.521278008152523 -1.9999387808027946 0.986426707682169 1.521278008152523 -0.3056584084817427
0 -3.2761500093748 0.918580222386367 2.6605807643116433 -3.2761500093748 1.545626709696055
0 0.7847705008353623 -0.5526597015773772 -0.16760518793974932 0.7847705008353623 -0.17466539467100878
0 0.27422476775390514 0.9754475989429052 -1.708751231246857 0.27422476775390514 1.0830827672335521
1 1.0237536101461842 -0.6397304053041057 -0.33335198147965794 1.0237536101461842 -1.4145719483840158
0 -1.4763114438150553 1.6342954927644477 -0.5244068816174997 -1.4763114438150553 -0.7310381915839185
1 0.12725253302912898 0.3373466645868788 -0.6301099887612267 0.12725253302912898 1.7655562452320939
0 -0.6215136360876535 0.789480620310778 -0.36404278818407 -0.6215136360876535 -1.0642683573867662
0 -1.419436021026946 1.8229757470652768 -0.8595592168537942 -1.419436021026946 -0.26950728937973845
0 -0.28653778733721347 1.0708810406012967 -1.1660884811703798 -0.28653778733721347 1.0398274674688055
1 0.6994850085513538 -1.11125733915239 0.7242451937687169 0.6994850085513538 -1.428064096545957
1 1.7984509085915064 -1.5443617147239133 0.008246989850602793 1.7984509085915064 -0.4769434333872436
0 -1.1843860199233205 0.984708580693569 0.040244325609916975 -1.1843860199233205 -1.2300321808059689
1 1.0557546236401765 -2.723750173876134 2.570929038581018 1.0557546236401765 -0.013708876115707794
1 -0.10192872279280407 0.9674578336729461 -1.2430566410790664 -0.10192872279280407 -0.0666157940101627
0 -1.5896338438468356 0.3589045709745 1.413530104068478 -1.5896338438468356 -0.7727903486849007
1 0.5784543323387792 0.356538081735685 -1.2022849848786816 0.5784543323387792 2.2558049148645853
0 -1.14334030994268 0.201488799246341 1.0966796378249457 -1.14334030994268 0.33727927440010574
1 0.6208392626499171 -0.025039180598273036 -0.7146453229424479 0.6208392626499171 0.9388082897172778
1 0.8554196534607373 0.17041034569282776 -1.2740331796879274 0.8554196534607373 0.04366976788305552
0 -0.46001658523390065 -0.1544826181737295 0.7738745947529575 -0.46001658523390065 0.4428188227950725
0 -0.6380916091067173 0.37468835044446525 0.24173138881397582 -0.6380916091067173 0.8829238665135588
1 0.6556418337892884 -0.05996259143235205 -0.7073715880380154 0.6556418337892884 -0.03931844413365005
1 2.671119463358101 -2.5662096962646372 0.3970189096796741 2.671119463358101 -1.9655979986292806
1 -0.25197155876578536 -0.41975541060265376 0.8971498591064964 -0.25197155876578536 0.4200561575496279
1 2.4982340200826316 -2.7186435165051295 0.8211317923951715 2.4982340200826316 0.20405849417662153
0 -0.39127484904340626 0.3109920569446402 0.03351308491746552 -0.39127484904340626 0.8127817384588231
1 0.3611305055762528 0.8718576094083956 -1.6674534562746914 0.3611305055762528 0.7849857739415771
1 0.7901772711760595 -3.100261396705511 3.423448264978709 0.7901772711760595 0.28577294623812804
0 -1.2460069144765606 0.2171584515342111 1.1985781004637328 -1.2460069144765606 0.7460367439270358
0 -1.0163764935956803 0.6031579868103741 0.37608565072687106 -1.0163764935956803 -1.4242782830851481
0 0.4352454323890387 -0.7513545142909195 0.5352242980285025 0.4352454323890387 1.9527615108245457
0 0.7596309188773338 0.7952648361807312 -2.0407013472323756 0.7596309188773338 -0.37874216702516483
0 -3.8746324839724964 1.346657057831745 2.77907004861834 -3.8746324839724964 -1.5796246130755107
0 -1.6040857384345055 0.4692227123575222 1.2752033992192155 -1.6040857384345055 0.23031437854814515
1 0.5175674261159765 0.8080230746631648 -1.7662932617933276 0.5175674261159765 1.8341242728365807
0 -3.2108172302701505 1.172790536007586 2.222673527932897 -3.2108172302701505 0.8252602942650933
0 -0.7576522987531132 0.0647132585527398 0.8238966011902592 -0.7576522987531132 -1.3965539852416726
0 -1.912431472973247 2.1831419500030984 -0.7726037165886569 -1.912431472973247 0.014049435030631729
1 1.1623943119471247 -0.9796425727725858 -0.020831205054218094 1.1623943119471247 -0.7420417199467418
0 -0.4591052921464135 0.037038563236492406 0.5023178713068316 -0.4591052921464135 -1.977832753178166
0 -1.6772025543667992 0.4393492668215506 1.4057177624934605 -1.6772025543667992 0.5612812566826888
0 -1.9042170835304986 2.8995597473164754 -1.7942135033934168 -1.9042170835304986 -0.15052340637888376
1 0.2322765317411113 -2.0910587660649704 2.67227845631671 0.2322765317411113 1.6642287142302943
0 -0.07081126422982964 1.4483780491136784 -1.959777532387052 -0.07081126422982964 -0.6195000621936173
0 -2.114389250504585 2.6213358201892554 -1.1474224543539233 -2.114389250504585 0.40193745018342986
0 -1.104047413264252 3.608187827664733 -3.7615439187468307 -1.104047413264252 1.1231094552741792
1 1.127119722875444 -1.8246376186046098 1.215038455544993 1.127119722875444 0.05868113893625258
1 0.32459210354669743 -1.2892907282917112 1.4285433282055653 0.32459210354669743 -0.1604969999411427
1 1.3954928931141952 -1.0491438976948941 -0.2042797247319319 1.3954928931141952 0.4884136572774212
0 -1.1507144710421422 0.5783824348445287 0.573359212449454 -1.1507144710421422 -1.7032558312302617
1 1.33075558313586 -0.8850415909290512 -0.357810264588843 1.33075558313586 0.8052203681374971
1 0.5528365260247757 0.3549895517192129 -1.1691506674474763 0.5528365260247757 0.031586122346437935
1 1.2366410446733802 -0.5877231356893362 -0.66397229858764 1.2366410446733802 2.1273140801667068
0 -1.6991816322454674 0.5801678649355037 1.2334131718353138 -1.6991816322454674 -1.1317572360539658
0 -2.8966444710755974 3.5995864549692453 -1.5838523077737727 -2.8966444710755974 -2.1784831210323454
0 -0.6030591671302775 -0.3185722334692249 1.1783955186898862 -0.6030591671302775 0.7316119227892768
0 -0.1986769149216372 0.7506805320921732 -0.8200589156996683 -0.1986769149216372 0.6409064814518888
1 0.20301991410211173 1.5261503189080752 -2.400404820283531 0.20301991410211173 0.5912099722575637
1 0.7283209904987489 0.7634630622800149 -1.9579686749679825 0.7283209904987489 -0.9340116247058139
1 0.4206650135920874 1.2033669121252792 -2.20751354133177 0.4206650135920874 -1.5463383026650315
0 1.262330480679542 0.26972721238688924 -1.905851326947318 1.262330480679542 0.2961494166246985
1 0.7946464957037963 -1.842308507640447 1.6416363024295155 0.7946464957037963 -0.37299925306627724
0 -0.9094204379954304 -0.08421708722481713 1.2175513274565866 -0.9094204379954304 -0.5099545352343267
0 -2.130343011552917 0.8482303451023177 1.3757339653670788 -2.130343011552917 -1.5425808645177876
1 1.1512830321869514 0.11686556087669597 -1.5558376165188994 1.1512830321869514 -1.2310456114724704
1 -0.6122162320316162 -0.3466542055845694 1.2291135421508927 -0.6122162320316162 -0.24469496143868102
1 0.17227202836858058 -0.9369859741766957 1.115047766651441 0.17227202836858058 1.2819566998106913
0 0.2856566510856209 0.4272720642355833 -0.9484577147852521 0.2856566510856209 0.3194374426319991
1 2.593698487812146 -2.8954551605282544 0.9554898552808622 2.593698487812146 0.2450923079358968
1 1.1835964646863188 0.030521495046872182 -1.4729434167249034 1.1835964646863188 -1.6311830973247583
0 -1.0545978278177026 -0.3275872309209874 1.7366068712975347 -1.0545978278177026 0.6025359855640405
1 1.9472698901592311 -1.3367582549069745 -0.46470000222758057 1.9472698901592311 0.08662824851381117
1 1.1962310636668116 -0.2843313374276869 -1.0435885195617538 1.1962310636668116 0.22387881010855057
1 3.480909598516335 -4.664848845907053 2.3823371983179396 3.480909598516335 -0.6723535701133516
1 0.7714682723181764 0.0300647918011413 -0.9744274033652042 0.7714682723181764 -0.16730709988177445
1 1.648842902791702 -0.7835645446788776 -0.8853757441948821 1.648842902791702 -0.6856703815024895
0 0.33994682055417424 0.7370868187175739 -1.4515465157995402 0.33994682055417424 -1.172415873507663
1 1.7363385096832165 -0.874773041938389 -0.8622750326263573 1.7363385096832165 1.3759513679753514
1 1.0614541666691497 0.006964477523327295 -1.2921235825869553 1.0614541666691497 1.2076536600351075
0 0.9026924629951063 -0.5055864728812524 -0.3765349686674734 0.9026924629951063 0.4528694183561657
1 0.6951353139158218 0.02710421085193926 -0.8780326715108401 0.6951353139158218 2.1037620051335466
0 -2.4954372193143337 1.2985608190997864 1.1808533869232913 -2.4954372193143337 0.962058274679619
0 -0.8983896533434251 0.03950315003599625 1.0295145817742068 -0.8983896533434251 1.2581686884209926
0 0.5779903392231183 -0.5454953899884911 0.07207834243055156 0.5779903392231183 0.7965964624078874
1 1.0407643555420014 -0.6942922570489478 -0.27685250559807084 1.0407643555420014 -0.43260839585267885
1 0.794306536236831 0.4028687738711366 -1.528470733698069 0.794306536236831 1.2742425821987686
1 0.1397810679973187 -0.4432109949409131 0.45701616601005146 0.1397810679973187 0.797818540799881
1 1.2618848467563064 -0.7808233416811587 -0.4217824007117239 1.2618848467563064 0.5126860794468315
0 -2.2518581805440103 0.596920273368392 1.8774167214357376 -2.2518581805440103 1.362711655678237
0 0.0285272825929761 -0.20656687715395008 0.25724019573582924 0.0285272825929761 1.5620256691608154
0 -1.3508206151275566 -0.12187294377577396 1.8039599639716566 -1.3508206151275566 1.0105482168059237
1 0.8693202402472681 0.1743365725432463 -1.2963701755580432 0.8693202402472681 1.1697381557105253
1 0.6888912537222867 0.843030471310928 -2.022696402354897 0.6888912537222867 0.03611368377135667
1 1.1050749158759112 -0.3007147776607174 -0.9103316127770955 1.1050749158759112 0.9309726511873648
1 0.5288171140849949 0.17690860915949003 -0.888657779561276 0.5288171140849949 -0.44368949455633194
0 -0.6657325635426494 -0.21962712734329393 1.1143831387919279 -0.6657325635426494 -0.009661955084227508
0 -0.9923127604323069 1.3685261983053927 -0.7337960441119022 -0.9923127604323069 -0.15380079033161065
0 -0.006789761505464065 0.8456942082303188 -1.186041180034509 -0.006789761505464065 -0.9173415379888689
0 -0.4615505008990596 -0.3664283888074762 1.075025975222089 -0.4615505008990596 1.7668181917336074
1 2.8562156703173365 -3.2675422722477574 1.1637974769000012 2.8562156703173365 -0.9901422824241379
1 1.0896769336265049 0.24346934354526228 -1.6601974291971802 1.0896769336265049 -0.2178818276967033
1 0.16586005016133087 -0.7072222085823924 0.7983338087404307 0.16586005016133087 -1.8358112551155366
0 -0.9641210590274076 1.7847425027424988 -1.3556111194229785 -0.9641210590274076 0.6256638204681362
1 2.1338596782258854 -0.7450245722322557 -1.5257238725358708 2.1338596782258854 0.19803508629194433
1 0.6040953974195125 -1.5411441264256633 1.446543357060032 0.6040953974195125 -0.19746299877791515
0 0.0038698316471472705 0.10075796802058513 -0.14695989039142554 0.0038698316471472705 -0.22590247503087005
0 -3.613128884630597 3.0278815133088446 0.0890267719706872 -3.613128884630597 0.8175104189777912
0 -2.15788258365677 0.313517622749365 2.164095458283299 -2.15788258365677 0.6796385157223797
1 1.1066150804531658 0.02413282289794716 -1.3709243899706576 1.1066150804531658 0.8283595243024339
1 1.2609652126010464 -0.6553854973638911 -0.5978079656354256 1.2609652126010464 -0.19549517738117772
1 1.176734288768259 -0.4577623297386654 -0.7751256070009641 1.176734288768259 -0.48210690331035866
1 0.6866481315832869 -2.7326790596023383 3.0294366837693247 0.6866481315832869 -1.105815929928792
0 -0.5877180442189016 0.0037383634208073557 0.7047131256777291 -0.5877180442189016 -0.3450072922606607
0 0.3396272876788782 0.27009713520654244 -0.7917029726465774 0.3396272876788782 0.8956907518671237
1 0.8100493096112988 -0.48103570417496516 -0.29928675839299645 0.8100493096112988 1.897898846846886
0 -1.7220132785213003 0.5876347949285808 1.2504505269977766 -1.7220132785213003 -0.8175270172195137
0 -1.5556027542011928 0.8433753766545237 0.6882754522430109 -1.5556027542011928 0.09666474136118688
1 -0.30139634256751147 2.13204117173614 -2.6466514658047022 -0.30139634256751147 0.3150542214171913
1 2.836757711065077 -3.4159355627008763 1.3968566121159596 2.836757711065077 -1.2234674527047495
1 1.5619334172053776 -0.616042584979646 -1.0169502564186061 1.5619334172053776 2.396076964218981
1 2.3877453147563363 -2.953168145441406 1.2857905462647188 2.3877453147563363 -0.2554745571375795
0 -1.841191361916339 0.8657400565734609 1.0016983163980493 -1.841191361916339 -1.649270011147042
0 -1.5652408470904127 2.203507093531499 -1.220785583612416 -1.5652408470904127 0.42102151083600364
1 0.5129078798993693 0.36951970094895337 -1.1414335929770512 0.5129078798993693 1.812542640839944
0 -0.2444708825579024 -0.0440055130561427 0.357475025187894 -0.2444708825579024 0.7742323540042277
1 1.3883693245564972 -1.6706448016190052 0.6819758022158671 1.3883693245564972 0.12374245673895405
0 -1.4845560982202046 0.470736446743536 1.1286681141704522 -1.4845560982202046 -0.023109354518086617
0 1.0877326451504152 -0.8599181230653722 -0.0997046292762982 1.0877326451504152 -1.5816107772316306
1 2.252223886304221 -1.5450143601923183 -0.5390114057892039 2.252223886304221 -1.0748355078638603
0 -0.8253005007723069 -0.11420690196899264 1.1582803067381913 -0.8253005007723069 0.05222459069464671
1 0.7005967972143265 0.784487028058835 -1.9541653943953938 0.7005967972143265 0.9355304903814061
1 3.1039085719128128 -4.91040524013146 3.1845343768069303 3.1039085719128128 -1.4047649996398814
0 -2.107825779357884 0.784832772467601 1.438058661324662 -2.107825779357884 0.39853006125897855
0 -0.30227007299410136 -0.7756256018487246 1.4604535374302439 -0.30227007299410136 -0.433928963043291
0 -1.7795560656998668 2.0260698270399806 -0.7113149868794482 -1.7795560656998668 1.3184173577838345
0 0.5814203942533527 1.15280420828786 -2.3303120192107043 0.5814203942533527 -0.248314536497017
0 0.15303969098936143 0.6058804861024323 -1.0404710559447177 0.15303969098936143 -1.0590590721641937
0 -0.49816904102700243 0.1978816169513074 0.32237495028869945 -0.49816904102700243 1.16981942015228
0 -1.690238751628192 0.36083036641532984 1.532346265913541 -1.690238751628192 -0.23704197903062432
0 -1.0467912825264805 0.7427264229581304 0.21573722400723416 -1.0467912825264805 -1.1047466371218047
1 1.028715004072095 -0.8236452474193111 -0.07963101242764892 1.028715004072095 0.2800246938826182
0 -0.6250314745970165 0.028547676689765544 0.7147552126027897 -0.6250314745970165 -0.9693628621497127
0 -1.0445320800515723 1.6701891371613664 -1.0967046029014165 -1.0445320800515723 -0.8412435069193464
0 -0.8694051892004643 0.48125142538076593 0.3706869440561422 -0.8694051892004643 -1.114175202016093
1 0.2563643491119413 0.5225769061212459 -1.047655511011294 0.2563643491119413 -0.1951265500581517
0 -2.79468469619247 3.214128090134425 -1.1627012990539174 -2.79468469619247 0.9780525994995498
1 1.6153718862753668 -1.4800535594262774 0.13860294050405209 1.6153718862753668 1.7476711874105595
1 0.5190977297366628 0.9501622686477751 -1.9688632129822565 0.5190977297366628 1.1793540569614331
0 -1.872588537582582 0.7481473567567419 1.2056856854989586 -1.872588537582582 -0.39017320941303685
0 0.058316533655986325 -0.5193718626379787 0.6629795727328108 0.058316533655986325 -1.7203172984703423
1 1.5077118682798283 -1.0125520448445848 -0.3915187861558168 1.5077118682798283 0.7895611803044424
0 -0.8471721341840183 1.97892664921429 -1.7711074916281868 -0.8471721341840183 0.6079096304619012
1 -0.5998792802832948 -0.8536527492102582 1.9301657755180073 -0.5998792802832948 0.7664420775369146
1 2.63987442283383 -2.1117007252507554 -0.20706849371696268 2.63987442283383 0.5764074712679556
1 0.5432136211492864 -0.9694262356649552 0.7127424982414939 0.5432136211492864 -0.725655001646108
1 0.8555887958702537 0.186073690290825 -1.296356438694616 0.8555887958702537 -0.6678187562098943
0 -1.0813478013782891 2.1402390260857023 -1.7160083928443441 -1.0813478013782891 0.22160496387413123
1 0.7513394235974368 -0.0737380623641043 -0.8035259991735392 0.7513394235974368 -0.3469922253087031
1 0.29743600386777624 -1.1137389853796866 1.2134445685409982 0.29743600386777624 0.37652983739425827
1 1.1339758875233334 -2.4793910553600442 2.1313632041172217 1.1339758875233334 -0.9983791553622979
1 1.7542935578783283 -1.1534528263095323 -0.4904291180648843 1.7542935578783283 -0.05745065042637893
0 -2.22040310724534 0.38782224565200485 2.1346943560147817 -2.22040310724534 0.4333255761880564
0 -1.46578485876858 0.25497798127156024 1.4106739518695999 -1.46578485876858 1.2472405990509605
1 -0.10577588394613979 -0.18736962857355044 0.39237569748126055 -0.10577588394613979 0.8823518545321775
0 -0.8640530088825957 1.3538245847625072 -0.8679792962142155 -0.8640530088825957 -0.35086293955991915
1 0.9976292546301114 0.26314370777200946 -1.5767823869804647 0.9976292546301114 -1.8900442018559753
1 1.2365238511927248 -0.31459371190643926 -1.0495292985154339 1.2365238511927248 -1.773911846099563
1 0.7916184235206137 -0.14276649968171384 -0.7547067882476761 0.7916184235206137 1.554513798572099
1 2.0876369418474052 -3.827153462880964 2.882530905598006 2.0876369418474052 0.3181776032756137
1 0.11866708753263422 1.2561274468817445 -1.9171907948189677 0.11866708753263422 -0.8367297143925599
0 -0.9837089763829179 0.6358523609108953 0.29045246288113935 -0.9837089763829179 -0.6083851329184473
0 -0.8663998483885008 0.16768584033532952 0.8098566765651215 -0.8663998483885008 -1.5285899805085537
1 1.6406131831725994 -1.3409698018804361 -0.08829633238210055 1.6406131831725994 -0.02300152934028502
1 1.6180729659944908 -1.117219222205945 -0.3770350907249703 1.6180729659944908 0.19784358678714847
0 -1.1166562477101303 1.2559401704038549 -0.42459512003820055 -1.1166562477101303 -2.9963283330777775
1 3.205429798953319 -4.4836372253171835 2.4592330820920574 3.205429798953319 -1.4908104619784504
1 3.108461837712631 -3.542343674020088 1.2471313797200838 3.108461837712631 0.7469616335132989
0 0.31805435073967914 0.32318490850646403 -0.8406094835306177 0.31805435073967914 0.045463883333871635
1 2.6224341332702306 -3.788908281486207 2.1824618796969544 2.6224341332702306 1.133250347068159
1 0.8163349149333999 -2.0996851385214397 1.9788889623097405 0.8163349149333999 0.5612076745343938
0 -2.5814545231246617 0.8160885783298557 1.966087671615964 -2.5814545231246617 -0.3952210844129997
1 1.3317461914749722 -0.9323780933957605 -0.2921609237617826 1.3317461914749722 -0.2665680168711775
0 0.11802091613759536 -0.07377338036915758 -0.03839628756582947 0.11802091613759536 -1.400442016034226
0 -0.9493160996379805 0.8372864054040309 -0.03555006496224622 -0.9493160996379805 0.5673465159804432
1 1.897370314318115 -2.115493401896167 0.6952687206202474 1.897370314318115 -1.1880057260652308
0 -0.8847117870163296 3.273605397202461 -3.554032937057349 -0.8847117870163296 0.8703335515928771
0 -0.9295068078855255 1.8605260876346068 -1.5044443065019362 -0.9295068078855255 -0.28301193628775156
1 0.15485518687412014 1.275206610019479 -1.9878503553367188 0.15485518687412014 0.5936134309349639
0 -1.4927923597950243 1.925521706696321 -0.9157510083579958 -1.4927923597950243 -1.684728132629141
0 -0.6427169184727187 -0.014818231111350388 0.7973590823632777 -0.6427169184727187 -0.03919505602693485
0 -1.0089721921735617 1.6788872673581354 -1.1519457208176114 -1.0089721921735617 0.6769503852507479
0 -0.9837532474743016 2.08124458524476 -1.75059865014661 -0.9837532474743016 0.4251837882572131
1 1.0913944648459755 -0.22976827862077398 -0.9939917589558513 1.0913944648459755 0.5417926295812641
1 1.0348232898340108 -0.4472340162514369 -0.6185576698674211 1.0348232898340108 1.5341002528333054
1 2.2093598735988342 -2.7853523787865093 1.2643085793335809 2.2093598735988342 -0.834737745591884
1 0.40020448336416137 -2.5181647037905432 3.072549116280919 0.40020448336416137 -1.663820614622293
1 1.7689087593028003 -1.8950487137252012 0.5391565374110976 1.7689087593028003 0.43713677202924034
0 -0.7964394609443605 1.523043889186571 -1.1886221144971314 -0.7964394609443605 -0.7725834759140218
0 1.3736892036333006 -0.42988543756765785 -1.0524230467045088 1.3736892036333006 0.5709485920223862
0 -1.6136726085590705 2.4475042863175664 -1.5068372559820775 -1.6136726085590705 0.2100261179458272
1 1.1627224143746422 -0.3624703860833981 -0.8927646954561569 1.1627224143746422 -0.5548411410418059
1 0.5636024322310659 0.4791352127594816 -1.3574681873822851 0.5636024322310659 0.8787834041983191
0 -1.3564824511283204 0.2998931486684472 1.2152045132635798 -1.3564824511283204 -1.0457501591718843
1 0.6409055839244547 -1.6159433039230442 1.5077021914792978 0.6409055839244547 0.28381659902033607
1 0.31569048977060055 0.0400951602576502 -0.43798981746113475 0.31569048977060055 0.4740914385303158
1 1.1780207242279115 -1.4795458131511945 0.6662275957022548 1.1780207242279115 0.7214527605489192
0 -1.2501583455271967 2.390320995921683 -1.8652291805926313 -1.2501583455271967 0.5835114300940343
0 -0.3150629715382518 0.1697272993170511 0.14093183441936286 -0.3150629715382518 -0.9565047796075032
0 0.33656685992893065 0.15317814364790083 -0.6228991599723697 0.33656685992893065 -0.9452880142563187
1 1.3008070580426905 -1.002818802045721 -0.15531237961161914 1.3008070580426905 -0.8560914517359149
1 0.2785260178897042 0.899817780688755 -1.6071470204248213 0.2785260178897042 -0.04936334540894206
1 -1.486005184050414 -1.44079125908931 3.8297745496003084 -1.486005184050414 -0.04402587588100219
0 -0.7057930968621704 1.7467132801522587 -1.6139811673944369 -0.7057930968621704 0.18081568313381505
1 1.500653655557212 -0.9518406372811343 -0.4687254795052981 1.500653655557212 -0.8353936972458117
0 -0.8461941918590917 0.522838778847595 0.28391951261702597 -0.8461941918590917 -0.2755107373422407
0 -3.0235033438812486 0.7990193363519313 2.524208599647423 -3.0235033438812486 0.9256285755996744
0 -0.923831329495112 1.615036849279757 -1.1646339599675049 -0.923831329495112 -2.1301812625892453
0 -1.2716888243415938 3.4501318580959133 -3.3358267895802145 -1.2716888243415938 0.7443417618295293
0 0.11302766256608154 0.16134629833647463 -0.3643874647991674 0.11302766256608154 0.2753870214801745
1 0.3808572716603863 -0.8938048942512827 0.8020885746060286 0.3808572716603863 -0.6511292479050914
0 -2.0864291464847633 0.8129023977839445 1.3725720745714742 -2.0864291464847633 0.4256805977123228
0 -1.4626452594801687 0.3959287528722798 1.2078381182444862 -1.4626452594801687 -1.050194472791807
1 0.5736653760182991 0.3986041693991852 -1.2559031406795156 0.5736653760182991 1.0210207601152805
0 -2.4718321524133273 2.2675267923761604 -0.2159839457835585 -2.4718321524133273 0.6994753057644477
1 2.1887578006418065 -2.286141945579728 0.5842389656120799 2.1887578006418065 -0.3424887366942903
1 1.1785841589571553 -0.4241459762401413 -0.8248315342077773 1.1785841589571553 1.4398852498904156
1 -0.4271808094656626 0.6493258273132281 -0.40088737397792973 -0.4271808094656626 -0.5864804479286709
1 0.7038886571712382 -0.23417828401419216 -0.519638155539921 0.7038886571712382 -0.26505722543786964
0 -0.08565426838997103 0.3628957449384395 -0.408987151283019 -0.08565426838997103 -0.41548577506328943
1 -0.8148986587414608 0.4412627195425978 0.3613102643117999 -0.8148986587414608 0.7364243073949129
0 -0.7035643463455777 0.21649683473097037 0.5442151569271432 -0.7035643463455777 -0.8368968180403477
1 1.1602389877345518 -1.44441511736658 0.6380991406620313 1.1602389877345518 1.2985737262542516
1 1.0598915168335559 -0.5620245200883134 -0.48674038760767835 1.0598915168335559 -0.9632675337907699
1 1.5293988632005675 -3.2739745378833582 2.775740591157003 1.5293988632005675 0.6858159954105759
0 -1.29689173246016 0.06311546941309354 1.4775806118159087 -1.29689173246016 -1.3754097125553852
1 1.562848569543769 -1.2759758351811263 -0.08613382148767745 1.562848569543769 0.21132846440225395
0 0.13696192944532481 -0.5973942632914933 0.6781510823747654 0.13696192944532481 -1.1036634531199534
1 0.8315778571799743 -0.760475352383385 0.06931523209910795 0.8315778571799743 -1.275761860336518
0 -0.13811709340646505 0.43526351103942756 -0.44780332276766044 -0.13811709340646505 3.3828615944160205
1 0.7582225728066192 -0.158199518174083 -0.6925692890402189 0.7582225728066192 0.9025779639399495
0 -0.7724185948083915 2.1958156326173306 -2.1676923081021284 -0.7724185948083915 0.07192525866912608
0 -1.6324948368279841 -0.4108890118065749 2.5523690808365096 -1.6324948368279841 -1.3584574211839904
0 -2.975429631322954 1.0963811237579286 2.046214989118228 -2.975429631322954 0.5279326090660611
1 1.7622826608872777 -1.0282753685027195 -0.6768491709601352 1.7622826608872777 1.115575688993895
1 -0.42870377327335385 -0.3372444538007995 0.9941335443119945 -0.42870377327335385 -0.3257517616811535
0 -0.10620891626298468 0.7247587927368006 -0.8951595199924297 -0.10620891626298468 0.41387885358325527
0 -0.4644065767177342 2.026422061273303 -2.3005775172914245 -0.4644065767177342 0.9142839223235333
0 0.44644546745183367 0.422296335143812 -1.1356720406854124 0.44644546745183367 -0.44202595075347173
1 1.4456037574692282 -0.690137546327803 -0.7717854282203006 1.4456037574692282 0.3397427406214914
0 -1.545553348025401 2.623290615063354 -1.8373645958751474 -1.545553348025401 1.0250042582683863
0 0.9073051218655137 -0.1546702915962762 -0.8776521071804502 0.9073051218655137 -1.0365566129340489
0 -0.23950722480237163 -0.316573409386388 0.7363842997812486 -0.23950722480237163 0.18234208637198013
1 1.280007501655067 -1.5756042920809818 0.6786711434679347 1.280007501655067 -0.3367196778331399
1 -0.10458888202133898 1.5478133023798066 -2.059389590171345 -0.10458888202133898 0.37301458632216505
0 -1.946119777992037 0.7365454023206655 1.3108986840115402 -1.946119777992037 0.3043328586418701
1 2.0604267695388963 -2.099997471419516 0.4764060071135783 2.0604267695388963 -0.023460726316813188
0 -1.1676978753352034 0.3319236099159796 0.9419117988932916 -1.1676978753352034 -0.19310336185046303
1 1.026533774853833 -0.38113324010706384 -0.7018874640024306 1.026533774853833 -1.04526054529003
0 -2.299805708329587 2.7258734094584174 -1.0710525941087725 -2.299805708329587 1.8156325773745579
0 1.376806832878092 -1.0267773311609263 -0.2132909004832677 1.376806832878092 -0.345009377692295
0 -0.7719193720680351 0.9806823314245598 -0.4523499759120062 -0.7719193720680351 -0.8642412557441935
1 1.2748637075121194 -0.397872861677697 -0.9782434228610246 1.2748637075121194 -2.676468092037483
1 -0.8757401114799517 1.2522596446111462 -0.7104361965533099 -0.8757401114799517 -0.5203591198202763
1 0.9900876914474839 0.49878448946468323 -1.9004309545514082 0.9900876914474839 -0.6761975758112514
1 1.2124955527244372 0.014209105263627286 -1.4848194601885178 1.2124955527244372 1.4533327971328456
1 1.4250431050592915 -1.0516066296372266 -0.23650009432328045 1.4250431050592915 -0.8666189045407958
1 1.6413302969487358 -0.9978186517481973 -0.5737421049241973 1.6413302969487358 -0.1731285824279787
0 -2.1423126849496326 0.23194994873226848 2.260471706840034 -2.1423126849496326 -0.013568028517805995
1 1.036856822378735 -0.5306828494658067 -0.5031723555764778 1.036856822378735 0.6974881960690925
1 0.5216757599802511 0.4079492087909035 -1.206293691447994 0.5216757599802511 0.18906761507889253
1 1.3323908468238561 -0.03378687742999875 -1.5618815328179683 1.3323908468238561 0.08023251682125328
0 -1.6183743070912615 2.438287010971499 -1.4881412365217193 -1.6183743070912615 0.45943427772946943
1 1.3263362918207326 -1.542933128930343 0.5765672447072494 1.3263362918207326 -0.1206116410245968
0 -3.4939264902535925 3.8958143557972216 -1.2806233100130135 -3.4939264902535925 -0.619300605859482
0 1.1314474473968392 -0.7255399118013571 -0.34227588568588097 1.1314474473968392 0.4494822354301252
0 0.38230897452147516 -0.1890465294640041 -0.19488673596549844 0.38230897452147516 -0.23006208446285267
0 -2.1595446224365933 0.4069043076355343 2.0342276655480744 -2.1595446224365933 -0.6930659319553983
0 -0.9013341998945905 0.6714910452562939 0.14061267100289854 -0.9013341998945905 -0.8432622130101126
0 -1.1570704731160864 -0.06442470434072345 1.4887749925807348 -1.1570704731160864 -0.4834243296690697
1 -2.1516335191915714 0.7892581615081318 1.484731266274166 -2.1516335191915714 0.022104949699921665
0 -1.4738211291977197 1.753361608096205 -0.6955540215202914 -1.4738211291977197 1.2258821994527536
1 0.9356277945833892 -0.21427874767195754 -0.8276914534075875 0.9356277945833892 0.039067670070446196
1 -0.9611739851228931 0.5457297452574199 0.3904953629311346 -0.9611739851228931 0.009634932939847423
1 -1.3569562566993802 0.5060155137403048 0.92470205642761 -1.3569562566993802 -0.20737467887099678
0 -1.6305818588406291 2.339742154858325 -1.3342342078087157 -1.6305818588406291 1.7206180023117048
0 0.7096650202367305 -0.043182795760627 -0.7963297668789644 0.7096650202367305 1.6476612130586967
0 0.4717336865270234 0.09091764669438868 -0.6982664190645358 0.4717336865270234 0.5492626320840793
1 0.43959567563145674 0.8581806281176454 -1.7429293403943504 0.43959567563145674 -0.6943293341101023
1 -0.6194230704560657 0.18974801586761303 0.480341599251506 -0.6194230704560657 0.998296579439281
0 -1.5261725450379693 0.35323968133406736 1.3448653909656023 -1.5261725450379693 -0.5474302903686616
1 1.3986332681193656 -0.7236459580701837 -0.6677240082503143 1.3986332681193656 -0.8662988500692588
1 0.9383728970659951 -1.7516230704331852 1.3399466946235432 0.9383728970659951 -0.27371794078028616
0 2.4670456042744084 -0.46086156204083184 -2.3295084308508947 2.4670456042744084 -0.13175650647525564
0 -1.6428478499988515 1.6916232865352243 -0.4041779347038863 -1.6428478499988515 -0.9303279546957482
0 -1.4015908566077013 1.1870226101137265 0.016941515832394227 -1.4015908566077013 0.5662688818642254
1 2.1680726170561533 -2.4132076604563597 0.788663001247647 2.1680726170561533 0.9055501330306835
0 -0.872943060458537 1.9407543422987705 -1.6860700841366991 -0.872943060458537 -1.8519312464478326
0 -3.2172238894243024 3.8212563791454714 -1.5096068957049806 -3.2172238894243024 -0.3835452176563998
0 -2.3195059754064005 0.8269677674140217 1.6342779692746041 -2.3195059754064005 -0.15558818029658097
1 3.6331216547833405 -4.226333522669046 1.5792099816773386 3.6331216547833405 0.0058396580171334155
0 -0.05678967955715253 -0.5462489496324853 0.8399878933693115 -0.05678967955715253 1.2613898591053043
1 0.6711723309376725 0.3642570589393074 -1.3251931987975687 0.6711723309376725 1.5394043011815017
1 1.2526746078568975 -0.6139629063401235 -0.6462872472022969 1.2526746078568975 -0.058749012084700014
0 -3.4125498549018083 0.5616478788807853 3.329398990188642 -3.4125498549018083 -0.8414088100978427
0 -2.704312635874365 3.2647216614604266 -1.3433206834780855 -2.704312635874365 0.027043000439877868
0 -1.8787492746742243 2.2734126158710013 -0.9407688090048597 -1.8787492746742243 0.003443803864706993
0 -1.235803171994207 1.4412876687852978 -0.5423974842701008 -1.235803171994207 0.9153478818720879
0 -1.5630522686205297 1.7664908973485518 -0.6062988970339627 -1.5630522686205297 -0.734744212424594
0 -1.48020140216139 0.8690914982867737 0.5608720048287992 -1.48020140216139 0.34709700513467573
1 1.3978482588092267 -0.8896972800115125 -0.4322869975099193 1.3978482588092267 -0.166505149158943
1 1.580527293131888 -0.710621698191219 -0.9058530712139654 1.580527293131888 0.712407980618591
1 -0.6109634697475799 -0.6405146639757092 1.6425739631997929 -0.6109634697475799 1.7158444668480501
1 1.0281534976372688 -0.30758235243699217 -0.8077087475414191 1.0281534976372688 -0.6897951271542345
1 0.5693209896327042 1.058427351686893 -2.1824214606451746 0.5693209896327042 -0.516058845168452
1 2.2517851277590024 -2.32616856814805 0.5646222892944531 2.2517851277590024 -0.3198030521915113
1 1.042689220655826 -1.8078201900857498 1.2932859842299913 1.042689220655826 -0.9081231867764515
1 0.39434358612498444 0.6981010265175414 -1.4622068544788278 0.39434358612498444 0.3564699471599286
0 -0.39038491112359264 1.198490979799998 -1.2208399021193184 -0.39038491112359264 0.15160022368006745
0 0.5391747601858548 -0.07105297668621013 -0.5510124062143223 0.5391747601858548 -0.1499407443434909
0 0.4353207159755206 -0.4383859508152974 0.09317610158009848 0.4353207159755206 -0.18915150341457812
0 -2.3187962019812014 0.6496933622324035 1.8837578392517824 -2.3187962019812014 -0.3192040967784233
0 -0.5645247089623946 0.9486164524209295 -0.6576112097895328 -0.5645247089623946 -1.33081538529935
0 -1.0320385262642717 1.4502152220370332 -0.8011621832132957 -1.0320385262642717 0.40872502755414464
1 -0.1835569395766523 1.5646987183000376 -1.9878369708380128 -0.1835569395766523 0.1517666611994505
0 0.21237008310276373 -0.9290261692776312 1.0553669434466189 0.21237008310276373 -0.5550339182434285
0 -1.47514967417195 1.3788170573000853 -0.1650375504132795 -1.47514967417195 -0.11205309302232333
0 -2.798143086169003 0.8248637341263612 2.2154662902539317 -2.798143086169003 -0.3588462079847361
0 -2.049570446200604 2.3075549490109486 -0.7826224038563176 -2.049570446200604 -0.2810845548315247
0 -1.614957546826588 0.20669570006989213 1.6590635015750195 -1.614957546826588 -1.9891524364601623
0 -0.9886583351837223 0.01728748795299684 1.1699353338719867 -0.9886583351837223 -2.491457675684959
0 1.0090531407159054 0.5855173916717988 -2.045821653724383 1.0090531407159054 -0.06457620158596428
0 -0.14576721782483992 0.33961743349082607 -0.30349538797527953 -0.14576721782483992 -1.792255502034051
0 -1.4734532517404624 0.8097747641345352 0.6364837864206886 -1.4734532517404624 -0.16714804616043724
1 -0.2569901167769888 1.2441075852603087 -1.4464046590451076 -0.2569901167769888 -1.9025726274885273
1 1.0737071742731266 -0.3510048139131724 -0.8014209768142828 1.0737071742731266 -0.05686210006918536
1 0.0991291239346831 -0.8875880018815097 1.1336508444058637 0.0991291239346831 -1.1224586526806444
1 0.9450689385920024 0.04828576934340223 -1.2098762051222607 0.9450689385920024 -0.42302518551315926
0 -1.2108620047527454 0.8643120018836982 0.24224614068325112 -1.2108620047527454 -0.0662868133845742
0 0.6545999876332684 -0.9777586933334751 0.589948946493412 0.6545999876332684 0.44798113865502215
0 0.10460437914462628 1.2116976788274283 -1.8374610415005275 0.10460437914462628 -1.4006655140091484
1 0.9490291420586697 -0.0473602575108355 -1.0795941877854989 0.9490291420586697 -2.0671738875570846
1 0.43124799306198214 -1.265244678858925 1.2657412511723536 0.43124799306198214 2.2202682756372054
0 0.49355502375558147 -0.8798730679211065 0.6462703889935115 0.49355502375558147 -1.3670071878170766
1 0.7917119937715176 -0.10412289360527127 -0.8093902326758264 0.7917119937715176 0.7588640635990408
0 -1.588529045643097 1.8775460300218743 -0.7323477420236976 -1.588529045643097 0.8681138874503005
0 1.0038563768643 -0.4121946441820409 -0.6306288222519314 1.0038563768643 1.4595286033838362
0 -0.6745224400165748 0.28791903467768937 0.4082725473883918 -0.6745224400165748 -0.27645501381829424
1 -1.2198979058029087 0.3708887220399909 0.9499475770451618 -1.2198979058029087 -0.9780735872750331
1 1.9012951784682812 -4.090328499691757 3.4792824299787544 1.9012951784682812 -1.3525016974437123
0 -0.535694104635758 -0.43921841025971886 1.267385212045709 -0.535694104635758 0.7838981479073135
1 1.3301953204027506 -3.7735130761750506 3.721809508006731 1.3301953204027506 -1.1889270276099646
0 -0.6101341039354518 -0.4644076281140126 1.3928832332009304 -0.6101341039354518 0.24688432150321174
1 -0.6199764999711141 -1.0551695372836756 2.239015294071284 -0.6199764999711141 -0.8341653371260894
0 0.3244041955125758 -0.38699340660895554 0.15459493486028342 0.3244041955125758 0.5221338446354412
0 0.46286924050200917 0.34741565173818284 -1.049770320111318 0.46286924050200917 0.5788113186698556
0 -1.2177901581469677 1.7917153408372037 -1.0590130629504018 -1.2177901581469677 -0.05037974651068088
0 -1.795083086581992 2.3066766006256962 -1.0888152673653075 -1.795083086581992 1.3114545539816473
0 -0.8418796463614374 0.5881877518283564 0.18642505057272363 -0.8418796463614374 -0.5725925410596924
1 0.2823745362018405 0.8975337793532312 -1.6085708764642253 0.2823745362018405 -0.8646242900755844
0 -1.581408126568041 0.022053627485257632 1.8792756873165133 -1.581408126568041 -0.9985415001036307
1 0.7617875790773709 -0.81226292790366 0.22675692158332728 0.7617875790773709 -0.5977238650216917
1 2.3516402524377424 -3.9376668019738745 2.7196629006863726 2.3516402524377424 -0.7221356551936152
1 0.2167908516845204 1.444753120271636 -2.302096074500219 0.2167908516845204 0.11244488592621456
0 -2.2864268413299538 2.5413290029488906 -0.8266113088906912 -2.2864268413299538 -0.07476136309975409
0 -0.3776943238729654 0.47039382921193557 -0.2079914031200537 -0.3776943238729654 -0.31037361453408974
0 -1.2301701823587454 0.29431989492077504 1.0704833407619923 -1.2301701823587454 -0.1343624687801037
1 0.23921007319020948 -2.006045942449137 2.543851894062251 0.23921007319020948 1.036526733074168
1 1.808539583816013 -2.3754672761058386 1.1697016234813629 1.808539583816013 -0.6710992261707661
0 -0.6477434054838523 1.4644380349173152 -1.2854942344161993 -0.6477434054838523 -0.6790944665648078
0 0.5148738977896619 0.6628667574699768 -1.5580574601325001 0.5148738977896619 1.453175917202246
0 0.0040900655656255225 -0.0391311882011916 0.05031794410943391 0.0040900655656255225 -0.26982273060911516
0 -1.2639276490226778 2.2242453659137382 -1.614072178730826 -1.2639276490226778 0.3484515474790241
1 2.576681693784523 -3.8303738886003167 2.2962885558753197 2.576681693784523 1.9021674364229362
1 1.5435055387001446 -2.1867924781360415 1.2234394284764716 1.5435055387001446 1.1468489632413958
0 -0.5354977925583875 0.9461830857250926 -0.6892408806964856 -0.5354977925583875 -1.5027607942568977
0 0.7364726617987156 -0.2987325193418405 -0.46784123832019264 0.7364726617987156 -0.47779894016479174
0 -1.7016571626530181 0.5080759706421917 1.3382080015781324 -1.7016571626530181 0.6304571020729219
1 1.2745665400191903 0.0433204330611463 -1.60091369900674 1.2745665400191903 -0.047055154712292664
0 -1.83910136768607 1.9624115998363845 -0.5494866401098408 -1.83910136768607 0.7942102652945952
0 -1.2622524253889331 1.758877089341652 -0.9589280623734658 -1.2622524253889331 -1.3362586241813386
0 -0.7483352909097338 -0.3416161102413402 1.3864375200831336 -0.7483352909097338 0.6713787577143783
1 1.9937022175601726 -2.5134820394790207 1.1409130468168978 1.9937022175601726 -0.8212774640542122
1 0.7727252341393597 0.4912476380673829 -1.6272033057195232 0.7727252341393597 -0.7275468183830917
1 -0.5194893544580883 1.934742129980984 -2.104569386380928 -0.5194893544580883 -1.18699667860638
0 0.39925978733087075 0.5353284345320919 -1.238287230649138 0.39925978733087075 -0.46143593468038124
1 0.7265460966276895 0.34908009568724185 -1.3706553399580212 0.7265460966276895 0.7782472639938046
0 -1.1921764477941441 1.8591231359288307 -1.185145318454633 -1.1921764477941441 -1.9080635380907596
0 -0.8198851135264794 0.05077888761820537 0.9187542592783607 -0.8198851135264794 -0.6457309693520995
0 -1.5683963918009503 0.37043937146437167 1.371585399407682 -1.5683963918009503 -0.6468532145735916
0 -1.3511424532786627 0.2544926540523339 1.2728656527105848 -1.3511424532786627 -1.328895666345748
0 -1.3763438585804004 0.6429246737998373 0.7547875322118819 -1.3763438585804004 -0.1435339454002241
0 -2.121720934855575 1.8909743272709514 -0.10718848708950945 -2.121720934855575 0.3492449180750823
1 1.9671058971299977 -1.1428236634401556 -0.7625267957192825 1.9671058971299977 -0.9298796482608324
0 -1.652668655305499 -0.009104745294580274 2.00936206920367 -1.652668655305499 -0.9587673663192217
1 0.5914476203354214 -1.5321152916380474 1.44907246112617 0.5914476203354214 1.6701418135759296
0 -2.286856357632725 2.7558247360199717 -1.1289916859952354 -2.286856357632725 -0.6174959143629043
1 0.7964934477851475 0.45422528311785704 -1.6036355102772697 0.7964934477851475 0.07332700830740728
1 -0.37634747742257724 -0.02172953222944679 0.4853314903783362 -0.37634747742257724 -0.650791888195498
1 -2.8912990870095974 2.4866508434237815 -0.01868241702450546 -2.8912990870095974 0.5503724981013164
1 0.7809221562527278 -0.016907149682886424 -0.9195169280664719 0.7809221562527278 -0.8512742620300648
0 0.14708469037856942 0.8159680184653837 -1.3299513546147423 0.14708469037856942 -0.9067721845745017
1 3.28901555376756 -3.0487193718725294 0.3319441327027083 3.28901555376756 2.0234575346515564
1 -0.9494407155657987 1.4603885333115951 -0.9153105911059372 -0.9494407155657987 -0.2689886957567753
0 -1.8818179444691496 0.6042015294665211 1.4201077609497414 -1.8818179444691496 2.8996772966684734
1 2.7160559572163345 -2.603604487494522 0.39554031811962653 2.7160559572163345 0.22590106866632423
0 -1.7910704482524824 2.1846581648633654 -0.9213549067886999 -1.7910704482524824 0.7289215277636465
1 0.6227930823445784 0.5768644796182545 -1.5669813736779605 0.6227930823445784 0.9237434008198995
1 1.3276592811847912 -1.0101741611064874 -0.17736434336657936 1.3276592811847912 0.7993141230073704
0 -0.36400293298940467 -0.09083028770887164 0.5679990182237733 -0.36400293298940467 -1.0979956081519722
1 -0.7415007479525861 1.2761178392746608 -0.9062951855378323 -0.7415007479525861 0.2723193377995717
0 -1.405621340047255 0.29654747207986176 1.279291285818671 -1.405621340047255 0.8864284878426065
1 1.9888247944694477 -1.7228890903706757 0.030372681134440915 1.9888247944694477 0.14331707927214316
1 0.8798289172874131 0.2465901426419166 -1.411097750477224 0.8798289172874131 -0.20721824446510428
1 1.114578802736884 -0.029177182294587434 -1.3052634560644996 1.114578802736884 0.6529196553661629
1 0.07129967041399254 1.150834976258755 -1.7112803075950147 0.07129967041399254 0.026977856567938645
0 -0.45050464965718195 0.684990282146548 -0.42307444138129946 -0.45050464965718195 -0.7406439272922999
0 -1.019288936397191 0.21093292289859822 0.9334830109150338 -1.019288936397191 -0.4404993285491704
0 -1.4732639667073968 1.0131004759711808 0.34912956578273224 -1.4732639667073968 0.3893354154604062
1 1.9099058028873497 -1.614471805655413 -0.02739031998371777 1.9099058028873497 0.3746471572334437
0 -0.4464716289048214 0.541480546246532 -0.22528985401449353 -0.4464716289048214 -1.3102972351578932
0 -0.8630811016014568 1.3865264591367588 -0.9153332232648521 -0.8630811016014568 0.5337718278767688
1 -0.012909111867708045 -1.250420878225602 1.7813714629888682 -0.012909111867708045 1.5820541463123607
1 1.677287379299746 -2.022938503632876 0.8304386936625867 1.677287379299746 0.8473346388883142
0 -3.596084431803866 3.0991584479179757 -0.0322171891163302 -3.596084431803866 0.23394460739590972
1 0.31811589751390035 -1.6804501949345965 1.9887411105364876 0.31811589751390035 0.5243704827266973
0 0.15146891111785687 -0.288509325976948 0.22443536202869396 0.15146891111785687 -2.095590819175411
0 -0.2143747876305474 0.33888854531267426 -0.2195847803016795 -0.2143747876305474 0.7236180531241374
1 0.2665182802782813 -0.6551730360381445 0.6032327052175168 0.2665182802782813 -0.14666332150892392
0 -1.9492686219169908 2.7958656467249305 -1.5933578428970745 -1.9492686219169908 0.23141160855250406
1 1.6226999407921996 -0.8913556885186793 -0.7015769494051451 1.6226999407921996 -0.03401309741021866
1 0.51598770328792 0.7875997526359595 -1.7355441701636751 0.51598770328792 -0.3470670476729885
1 -0.18922745907900973 0.2506205953597019 -0.12531677032681277 -0.18922745907900973 0.6062675399367146
1 1.5187577375802823 -2.7651405549316963 2.0700478086230008 1.5187577375802823 -0.21868084635138998
0 -1.5328515637686384 0.31561233040355297 1.4060692798803158 -1.5328515637686384 0.35711480738271134
0 -0.04680900728006321 0.7259331696934933 -0.9685759166401163 -0.04680900728006321 -1.7544827920209773
0 0.5452568408457295 0.2856640253073392 -1.0620962831051584 0.5452568408457295 -0.8489142120926761
1 1.287607303332351 -2.535878613842452 2.0255375841409498 1.287607303332351 -0.009452987733347426
1 3.747581040854211 -3.3896732474549838 0.25945111179771785 3.747581040854211 -2.034338763274478
1 0.5236502499290352 -2.375355825975863 2.7217536115685097 0.5236502499290352 -0.36396990453740374
1 0.6510082995990427 0.7460793475915067 -1.8400228100865865 0.6510082995990427 1.8147597476378996
1 1.7835450413699854 -2.9701044008313353 2.0396105902816775 1.7835450413699854 -0.11092698244918676
1 0.4004866759033572 -2.454068704940222 2.9816953166869613 0.4004866759033572 -0.6476220644422589
0 -0.0642693870912947 1.2955998778687534 -1.751935384384109 -0.0642693870912947 0.43216732952832604
1 0.5711908030187404 0.581872962485156 -1.5117159960133406 0.5711908030187404 -1.7940722420584778
0 0.050373161215338635 -0.22808240998828003 0.26123237212125294 0.050373161215338635 -0.3782560740668354
1 -0.5148329775442306 2.8310307299964927 -3.375884722464759 -0.5148329775442306 -0.4579292038954759
0 -1.9797746608114515 0.6019143635984467 1.54167409329719 -1.9797746608114515 -0.6581291009582794
1 0.5990482132414653 0.6523079743700365 -1.6448336226262281 0.5990482132414653 -0.3394354527118771
1 -0.025857513967503465 0.8785639346028161 -1.2094232461575443 -0.025857513967503465 -0.06550604401587005
1 1.423969340678976 -1.891134590405108 0.9503329702794368 1.423969340678976 0.4231868276609832
0 -0.34804741943640827 1.0983935580878708 -1.1306335136748178 -0.34804741943640827 1.7693668942536103
0 -0.43707734330529335 1.2262825441691012 -1.2036788941756593 -0.43707734330529335 -1.078685486834193
0 -3.0716405802008686 2.4141679839884858 0.30153532441509134 -3.0716405802008686 0.28187288896585316
1 0.3466377784793797 1.3267278761129915 -2.2922886786209253 0.3466377784793797 1.0510846723185105
0 -1.7853475792775368 0.6085969723830176 1.2973598191044655 -1.7853475792775368 -0.2608705133187767
0 -0.27362363765976183 2.332159542884142 -2.962798578559489 -0.27362363765976183 -0.5857190148243335
0 -1.2808065671053042 0.3685563526792218 1.0268218746760247 -1.2808065671053042 0.22175232661975
1 1.2097955629747872 -0.5786228065354119 -0.6443926310585949 1.2097955629747872 0.3821497824119735
0 -0.4474900022776397 -0.6237931428902898 1.4214767657700633 -0.4474900022776397 1.1650186905945996
0 -0.3720795670793613 0.9695199304567768 -0.9196131447564203 -0.3720795670793613 -0.2741532917941163
0 0.05773285153229368 -0.21289549146307524 0.2308953614521223 0.05773285153229368 0.4754859925994901
1 0.6852399679642203 -1.7799491462654837 1.6857442453210636 0.6852399679642203 1.8864911834501612
1 0.8661701860204742 -1.1291477817417395 0.5481452330324574 0.8661701860204742 0.14510490531161477
1 1.5318675861177882 -1.048742967588929 -0.3695932183117564 1.5318675861177882 0.6105407263945049
0 0.2648946145605273 -0.4734034353281664 0.34850899038278405 0.2648946145605273 1.9426003990407503
0 -0.5293472091659981 -0.5251953379135211 1.3811298102499117 -0.5293472091659981 0.3956106587928278
0 -1.7758950582365463 2.017979408457979 -0.7043128127400865 -1.7758950582365463 2.9550758251655136
1 1.2985437185215398 -0.42348440539833543 -0.9706828037390158 1.2985437185215398 2.0090364216742476
1 -0.7304791636502836 -1.2293922178801269 2.618535765745428 -0.7304791636502836 0.7227400546780051
0 -1.8699496700664584 1.037404612669378 0.7940243778281535 -1.8699496700664584 -0.034846624623374185
1 1.391786962083595 -1.5067983410577974 0.44647203318386663 1.391786962083595 1.1541528995621346
0 1.4203482667990426 -0.25045810187089257 -1.3621670477707983 1.4203482667990426 -1.5552032108670568
0 -0.8044136352075281 1.7467252000733322 -1.4948595498877224 -0.8044136352075281 -0.5258366072379022
0 0.4309073359235287 -0.430064004711392 0.08675587982754862 0.4309073359235287 1.0671287298230134
0 -1.0482420239884886 1.1602453459689466 -0.3721078129829628 -1.0482420239884886 -0.3583879185763443
1 0.3393515708621987 0.7690497241318783 -1.4959637083862525 0.3393515708621987 0.9255098066630522
0 -1.801184185499762 1.6473841442563824 -0.15042775092549387 -1.801184185499762 0.5216183293462809
1 0.16126472492599453 0.9865634728547912 -1.5879871908728878 0.16126472492599453 0.07446529204843459
1 1.7061408254903858 -2.6209263717915174 1.6400283859216336 1.7061408254903858 -0.365791901387575
1 0.23183267147497655 0.571145144412454 -1.0866054754385126 0.23183267147497655 -1.1548252852999732
0 0.20142099424557913 -0.36553545972003654 0.2728629273466995 0.20142099424557913 0.3577604368595546
1 1.1652038867436838 -0.5231291555313716 -0.6688888253765217 1.1652038867436838 -0.9613855371810461
0 -2.6178068021762337 0.8976517903109795 1.894823859466496 -2.6178068021762337 2.65176869540022
1 2.321360010321508 -2.143102069457919 0.22205582496499798 2.321360010321508 1.339151990623302
0 -0.4201515270962277 0.2935014256113977 0.09309685115169841 -0.4201515270962277 -0.003522374267582009
0 -1.4856006995054643 0.2099985491232519 1.4981299772586634 -1.4856006995054643 -1.6495525312730683
1 0.9025083377653502 -0.2661934006304386 -0.7143704638002581 0.9025083377653502 -3.8130092616545213
0 0.6843449191204196 0.38379346436531736 -1.3686945851261045 0.6843449191204196 -0.25450107731380944
0 -1.2469264771824684 1.645195985368623 -0.816908263610152 -1.2469264771824684 1.3266245141629567
1 2.2105115745766444 -3.8347691616878894 2.7448467963995027 2.2105115745766444 0.6679699430565121
0 -1.0236502572025115 0.13921479138886617 1.040028160450197 -1.0236502572025115 0.6211999132591377
1 1.370633307195924 -0.3012563827031176 -1.2303743566034129 1.370633307195924 -1.3895562386896296
1 0.7419720250112752 -0.06264156276048383 -0.8078795975559627 0.7419720250112752 0.4957134201883949
0 -2.9571666330628923 1.2407611280195627 1.8202667707628732 -2.9571666330628923 -1.623889345800434
1 2.2883098298703417 -4.612108756383067 3.748579549056303 2.2883098298703417 0.5524206950180048
0 -0.2810379558889984 1.5485700018198914 -1.847299019567452 -0.2810379558889984 1.1124683119668015
1 0.7664264463565664 0.2599240751324198 -1.2929314574033108 0.7664264463565664 -0.26495700374323045
1 0.4133770751735949 0.9308390299278457 -1.8138602430975592 0.4133770751735949 1.2782079084883875
1 0.49324064936548273 0.4411661543845443 -1.2188498533881422 0.49324064936548273 -1.5608435467782216
1 0.8310822191372754 -0.6254939143238603 -0.120699486992361 0.8310822191372754 0.420573756686098
1 0.5873504752185186 -0.38875998504947384 -0.16056240887600381 0.5873504752185186 -0.37661958162734965
1 0.9812360838264782 -0.15445230761764372 -0.9672721625935518 0.9812360838264782 -0.3372592210045118
1 0.9838358706631608 -0.15914196269858827 -0.9637903558361628 0.9838358706631608 -1.4483715069049132
0 -0.24066890543165875 1.16536384706045 -1.3549238421999492 -0.24066890543165875 -0.3626328017348372
0 -2.0455040295102607 2.2119835532465637 -0.6525740872881545 -2.0455040295102607 0.18544276729909415
1 0.919019292754654 0.27072720825507024 -1.4925267037556058 0.919019292754654 -1.7922478779036526
0 -0.428696218287961 1.6411183036678194 -1.7996122902260139 -0.428696218287961 -0.9504135775725233
1 0.7292499794757983 0.46462124383802683 -1.5370827130776625 0.7292499794757983 0.7769688707698685
0 -0.5940270752297505 -0.33046892095755054 1.1842841659842793 -0.5940270752297505 0.44088615241255275
1 1.1636728044089637 -1.0419388880604405 0.06559579483853462 1.1636728044089637 -0.005795999096615465
0 -1.4602586484274687 1.2276691542433473 0.030416239919906607 -1.4602586484274687 0.7659897985028462
1 0.0891347987847585 0.3198496319300336 -0.5593535335357449 0.0891347987847585 0.9079192961687661
1 2.143259599819962 -3.40771409600523 2.2230264543997444 2.143259599819962 -0.6844887913936291
0 -2.288837862799405 0.8019689591843411 1.6325313468569425 -2.288837862799405 0.48448108857199707
1 -0.3779599839762451 -1.627790396814804 2.7552716216034128 -0.3779599839762451 -0.48100904002731765
0 -1.377594401233904 2.304125828445471 -1.5895600254479398 -1.377594401233904 -0.14309209129057418
0 -1.405599756943653 2.03395974349899 -1.1742142725350366 -1.405599756943653 0.659214390551113
1 2.4358156306541 -3.388326987538603 1.842226987543833 2.4358156306541 1.8761486231546303
0 -1.6140791423486114 1.7056634604365475 -0.45875871833723314 -1.6140791423486114 -0.4604806151766257
1 0.7596480053190771 0.41999528720073964 -1.5107866617551098 0.7596480053190771 -0.4163242544955141
1 0.2881713456790177 -0.00992752913690137 -0.3341060089128445 0.2881713456790177 -2.1839938057934347
0 0.12172386205214392 0.3987503356059761 -0.7101420205509564 0.12172386205214392 1.0323653825266972
1 1.3087458829302356 -1.0397624504163228 -0.11273305088103536 1.3087458829302356 -0.3756052396067212
1 0.3853157986998589 0.42196143897280164 -1.0613514786343183 0.3853157986998589 -0.67982364109717
